------------------------------------------
Starting Logging:16:17:47.384181
Data Format...
hour:min:sec.milli:bus_current,bus_voltage,vehicle_velocity,motor_velocity,phase_a_current,phase_b_current,dc_bus_amphours,odometer
------------------------------------------
16:17:48.843794:394,0,0,0,0,0,0,0
16:17:49.847063:274,0,0,0,220,462,685,0
16:17:50.849670:384,0,0,0,485,387,685,0
16:17:51.853084:300,0,0,0,395,307,685,0
16:17:52.855493:279,0,0,0,345,612,685,0
16:17:53.858200:307,0,0,0,485,422,685,0
16:17:54.861453:300,0,0,0,265,712,685,0
16:17:55.864084:436,0,0,0,265,712,685,0
16:17:56.866656:462,0,0,0,440,422,685,0
16:17:57.869297:513,0,0,0,220,282,685,0
16:17:58.874873:459,0,0,0,215,422,685,0
16:17:59.877377:508,0,0,0,265,422,685,0
16:18:00.879908:405,0,0,0,385,422,685,0
16:18:01.886713:434,0,0,0,315,422,685,0
16:18:02.889434:435,0,0,0,315,422,685,0
16:18:05.319462:334,0,0,0,470,427,685,0
16:18:06.321423:424,0,0,0,470,427,685,0
16:18:07.324058:424,0,0,0,280,212,685,0
16:18:08.327399:285,0,0,0,350,447,685,0
16:18:09.331033:359,0,0,0,280,262,685,0
16:18:10.333677:406,0,0,0,440,282,685,0
16:18:11.337004:346,0,0,0,345,307,685,0
16:18:12.340154:409,0,0,0,85,262,685,0
16:18:13.349137:418,0,0,0,265,312,685,0
16:18:14.368038:418,0,0,0,245,712,685,0
16:18:15.370572:480,0,0,0,470,262,685,0
16:18:16.373249:447,0,0,0,290,282,685,0
16:18:17.375724:332,0,0,0,110,712,685,0
16:18:18.378305:381,0,0,0,260,307,685,0
16:18:19.387327:442,0,0,0,85,447,685,0
16:18:20.391432:428,0,0,0,330,262,685,0
16:18:21.394097:281,0,0,0,330,262,685,0
16:18:22.396634:464,0,0,0,290,307,685,0
16:18:23.399148:273,0,0,0,490,504,685,0
16:18:24.407205:306,0,0,0,215,447,685,0
16:18:25.409860:288,0,0,0,315,307,685,0
16:18:26.412563:414,0,0,0,280,262,685,0
16:18:27.415921:489,0,0,0,265,422,685,0
16:18:29.421289:300,0,0,0,245,212,685,0
16:18:30.423845:503,0,0,0,490,387,685,0
16:18:31.426261:330,0,0,0,290,422,685,0
16:18:32.428796:368,0,0,0,260,282,685,0
16:18:33.431429:405,0,0,0,85,282,685,0
16:18:34.437233:405,0,0,0,390,307,685,0
16:18:35.439773:402,0,0,0,490,307,685,0
16:18:36.441451:390,0,0,0,490,712,685,0
16:18:37.444062:278,0,0,0,485,422,685,0
16:18:38.447521:279,0,0,0,265,387,685,0
16:18:39.455117:428,0,0,0,440,312,685,0
16:18:40.458454:364,0,0,0,395,422,685,0
16:18:41.461311:364,0,0,0,85,342,685,0
16:18:42.463886:436,0,0,0,245,447,685,0
16:18:43.467440:470,0,0,0,470,372,685,0
16:18:44.473271:488,0,0,0,320,312,685,0
16:18:45.476621:336,0,0,0,315,462,685,0
16:18:46.480045:434,0,0,0,110,447,685,0
16:18:47.483461:285,0,0,0,490,307,685,0
16:18:48.485984:411,0,0,0,290,212,685,0
16:18:49.488754:344,0,0,0,385,472,685,0
16:18:50.491344:389,0,0,0,315,342,685,0
16:18:51.493083:348,0,0,0,440,307,685,0
16:18:52.495639:504,0,0,0,265,307,685,0
16:18:53.498170:317,0,0,0,350,422,685,0
16:18:54.504571:342,0,0,0,85,372,685,0
16:18:55.507137:499,0,0,0,385,282,685,0
16:18:57.511608:497,0,0,0,315,447,685,0
16:18:58.514276:454,0,0,0,315,307,685,0
16:18:59.519819:351,0,0,0,265,462,685,0
16:19:00.522602:470,0,0,0,280,632,685,0
16:19:01.525487:429,0,0,0,280,307,685,0
16:19:02.531426:361,0,0,0,245,212,685,0
16:19:03.534017:361,0,0,0,245,212,685,0
16:19:04.550777:453,0,0,0,312,462,685,0
16:19:05.554190:400,0,0,0,440,212,685,0
16:19:06.557533:293,0,0,0,390,307,685,0
16:19:07.560893:454,0,0,0,470,312,685,0
16:19:08.564370:470,0,0,0,290,307,685,0
16:19:09.571342:472,0,0,0,245,342,685,0
16:19:10.575820:281,0,0,0,245,427,685,0
16:19:11.578559:473,0,0,0,385,262,685,0
16:19:12.581887:458,0,0,0,265,462,685,0
16:19:13.584537:398,0,0,0,485,632,685,0
16:19:14.594612:510,0,0,0,85,472,685,0
16:19:15.597939:477,0,0,0,390,262,685,0
16:19:16.600516:421,0,0,0,315,422,685,0
16:19:17.604009:299,0,0,0,290,372,685,0
16:19:18.609603:303,0,0,0,440,262,685,0
16:19:19.617172:360,0,0,0,280,472,685,0
16:19:20.619827:265,0,0,0,85,712,685,0
16:19:21.622490:390,0,0,0,315,422,685,0
16:19:22.625119:275,0,0,0,290,307,685,0
16:19:23.627772:304,0,0,0,260,307,685,0
16:19:24.638540:383,0,0,0,260,307,685,0
16:19:25.641030:444,0,0,0,265,262,685,0
16:19:26.644526:407,0,0,0,395,557,685,0
16:19:27.647031:397,0,0,0,315,427,685,0
16:19:28.649635:478,0,0,0,315,262,685,0
16:19:29.657790:307,0,0,0,280,262,685,0
16:19:30.661394:422,0,0,0,215,472,685,0
16:19:31.663992:267,0,0,0,215,472,685,0
16:19:32.666572:447,0,0,0,280,472,685,0
16:19:33.669109:277,0,0,0,290,262,685,0
16:19:34.677286:340,0,0,0,290,307,685,0
16:19:35.679888:283,0,0,0,290,472,685,0
16:19:36.683266:324,0,0,0,385,712,685,0
16:19:37.686624:487,0,0,0,265,307,685,0
16:19:39.691582:432,0,0,0,245,342,685,0
16:19:40.694076:384,0,0,0,385,312,685,0
16:19:41.697307:418,0,0,0,260,262,685,0
16:19:42.699831:470,0,0,0,290,712,685,0
16:19:43.703252:474,0,0,0,470,282,685,0
16:19:44.709967:260,0,0,0,310,342,685,0
16:19:45.712666:277,0,0,0,310,342,685,0
16:19:46.715106:313,0,0,0,315,262,685,0
16:19:47.717675:504,0,0,0,315,212,685,0
16:19:48.720684:446,0,0,0,265,632,685,0
16:19:49.730412:493,0,0,0,280,422,685,0
16:19:50.733678:474,0,0,0,300,262,685,0
16:19:51.737312:497,0,0,0,215,262,685,0
16:19:52.739766:262,0,0,0,215,262,685,0
16:19:53.743069:283,0,0,0,385,307,685,0
16:19:54.750915:260,0,0,0,260,422,685,0
16:19:55.754349:294,0,0,0,265,427,685,0
16:19:56.757524:475,0,0,0,265,307,685,0
16:19:57.760861:443,0,0,0,290,282,685,0
16:19:58.764569:266,0,0,0,260,307,685,0
16:19:59.780521:488,0,0,0,260,307,685,0
16:20:00.783954:427,0,0,0,315,462,685,0
16:20:01.787276:347,0,0,0,280,712,685,0
16:20:02.790635:338,0,0,0,470,262,685,0
16:20:03.794095:437,0,0,0,425,422,685,0
16:20:04.807292:458,0,0,0,315,447,685,0
16:20:06.812446:399,0,0,0,290,212,685,0
16:20:07.815059:335,0,0,0,470,282,685,0
16:20:08.817732:415,0,0,0,425,307,685,0
16:20:09.825387:413,0,0,0,315,282,685,0
16:20:10.828140:427,0,0,0,440,712,685,0
16:20:11.831438:479,0,0,0,280,472,685,0
16:20:13.836109:383,0,0,0,345,372,685,0
16:20:14.845555:415,0,0,0,245,134,685,0
16:20:15.847994:314,0,0,0,315,422,685,0
16:20:16.851312:315,0,0,0,440,422,685,0
16:20:17.854670:497,0,0,0,245,462,685,0
16:20:18.858577:470,0,0,0,290,387,685,0
16:20:19.868185:433,0,0,0,345,312,685,0
16:20:20.870759:302,0,0,0,345,312,685,0
16:20:21.873458:432,0,0,0,245,427,685,0
16:20:22.876031:392,0,0,0,260,462,685,0
16:20:23.878733:430,0,0,0,490,372,685,0
16:20:24.884713:297,0,0,0,280,712,685,0
16:20:25.887302:348,0,0,0,260,212,685,0
16:20:26.890710:372,0,0,0,290,282,685,0
16:20:27.895691:278,0,0,0,290,282,685,0
16:20:28.898355:371,0,0,0,280,447,685,0
16:20:29.905253:260,0,0,0,245,212,685,0
16:20:30.907932:488,0,0,0,315,387,685,0
16:20:31.910583:395,0,0,0,215,422,685,0
16:20:32.921703:444,0,0,0,245,447,685,0
16:20:33.924729:442,0,0,0,245,447,685,0
16:20:34.935850:416,0,0,0,612,462,685,0
16:20:35.938399:332,0,0,0,300,307,685,0
16:20:36.941735:384,0,0,0,260,472,685,0
16:20:37.945030:402,0,0,0,265,632,685,0
16:20:38.948358:486,0,0,0,385,462,685,0
16:20:39.955719:388,0,0,0,245,307,685,0
16:20:40.958355:388,0,0,0,280,282,685,0
16:20:41.961347:309,0,0,0,315,282,685,0
16:20:42.964477:433,0,0,0,395,372,685,0
16:20:43.967773:392,0,0,0,315,632,685,0
16:20:44.975446:305,0,0,0,260,307,685,0
16:20:45.978958:413,0,0,0,245,372,685,0
16:20:46.987990:496,0,0,0,395,312,685,0
16:20:49.001449:268,0,0,0,385,422,685,0
16:20:50.009933:491,0,0,0,315,312,685,0
16:20:51.012629:454,0,0,0,260,504,685,0
16:20:52.015175:373,0,0,0,245,427,685,0
16:20:53.017953:311,0,0,0,280,312,685,0
16:20:54.021380:311,0,0,0,315,712,685,0
16:20:56.029012:420,0,0,0,85,422,685,0
16:20:57.031688:349,0,0,0,215,462,685,0
16:20:58.034275:433,0,0,0,215,447,685,0
16:20:59.036910:370,0,0,0,260,372,685,0
16:21:00.043507:457,0,0,0,315,312,685,0
16:21:01.046758:426,0,0,0,612,342,685,0
16:21:02.051589:426,0,0,0,280,262,685,0
16:21:03.053886:395,0,0,0,395,212,685,0
16:21:04.056426:290,0,0,0,425,422,685,0
16:21:05.063952:323,0,0,0,260,632,685,0
16:21:06.066451:444,0,0,0,485,422,685,0
16:21:07.069068:296,0,0,0,265,312,685,0
16:21:08.071416:345,0,0,0,260,462,685,0
16:21:10.077613:301,0,0,0,260,262,685,0
16:21:11.080186:343,0,0,0,385,307,685,0
16:21:12.082925:286,0,0,0,440,462,685,0
16:21:13.085592:346,0,0,0,350,307,685,0
16:21:14.088231:323,0,0,0,85,422,685,0
16:21:15.099114:502,0,0,0,280,262,685,0
16:21:16.101672:278,0,0,0,315,447,685,0
16:21:17.104183:364,0,0,0,490,447,685,0
16:21:18.106716:370,0,0,0,245,372,685,0
16:21:19.109602:375,0,0,0,290,462,685,0
16:21:20.120264:464,0,0,0,265,462,685,0
16:21:21.123087:510,0,0,0,485,307,685,0
16:21:22.126970:498,0,0,0,395,282,685,0
16:21:23.130180:301,0,0,0,440,472,685,0
16:21:24.132892:292,0,0,0,315,262,685,0
16:21:25.139724:374,0,0,0,280,307,685,0
16:21:26.141385:408,0,0,0,470,712,685,0
16:21:27.144096:375,0,0,0,245,212,685,0
16:21:28.147411:466,0,0,0,315,422,685,0
16:21:29.151464:333,0,0,0,310,557,685,0
16:21:30.162826:336,0,0,0,265,447,685,0
16:21:31.165330:288,0,0,0,290,427,685,0
16:21:32.167915:271,0,0,0,290,372,685,0
16:21:33.170384:499,0,0,0,220,307,685,0
16:21:34.173059:418,0,0,0,440,632,685,0
16:21:35.181434:382,0,0,0,280,712,685,0
16:21:36.185145:417,0,0,0,280,462,685,0
16:21:37.187688:463,0,0,0,280,462,685,0
16:21:38.191036:440,0,0,0,260,447,685,0
16:21:39.193757:481,0,0,0,265,472,685,0
16:21:40.201367:397,0,0,0,260,447,685,0
16:21:41.203961:304,0,0,0,215,262,685,0
16:21:42.206636:391,0,0,0,385,387,685,0
16:21:43.210211:347,0,0,0,265,262,685,0
16:21:44.218970:410,0,0,0,265,262,685,0
16:21:45.221592:322,0,0,0,290,422,685,0
16:21:46.224874:296,0,0,0,260,472,685,0
16:21:47.227327:262,0,0,0,290,312,685,0
16:21:48.229912:492,0,0,0,425,447,685,0
16:21:49.233399:462,0,0,0,440,447,685,0
16:21:50.239176:259,0,0,0,290,262,685,0
16:21:51.241361:386,0,0,0,315,372,685,0
16:21:52.243875:463,0,0,0,260,447,685,0
16:21:53.246512:302,0,0,0,260,422,685,0
16:21:54.249095:378,0,0,0,280,312,685,0
16:21:55.256962:476,0,0,0,265,342,685,0
16:21:56.260306:298,0,0,0,265,447,685,0
16:21:57.263848:373,0,0,0,245,632,685,0
16:21:58.268686:373,0,0,0,85,447,685,0
16:21:59.271344:469,0,0,0,485,462,685,0
16:22:00.280515:416,0,0,0,440,312,685,0
16:22:01.284088:470,0,0,0,440,427,685,0
16:22:02.287392:499,0,0,0,470,262,685,0
16:22:03.289966:417,0,0,0,490,312,685,0
16:22:04.293475:259,0,0,0,310,462,685,0
16:22:05.321421:259,0,0,0,310,462,685,0
16:22:06.324042:491,0,0,0,85,307,685,0
16:22:07.327259:276,0,0,0,260,422,685,0
16:22:08.330677:272,0,0,0,485,422,685,0
16:22:09.334204:298,0,0,0,260,712,685,0
16:22:10.342979:266,0,0,0,310,307,685,0
16:22:11.346410:407,0,0,0,440,427,685,0
16:22:12.349580:407,0,0,0,470,470,685,0
16:22:13.367992:414,0,0,0,470,557,685,0
16:22:14.370617:293,0,0,0,85,462,685,0
16:22:15.376850:390,0,0,0,290,212,685,0
16:22:16.379548:479,0,0,0,290,307,685,0
16:22:17.382264:363,0,0,0,85,462,685,0
16:22:18.384118:470,0,0,0,85,462,685,0
16:22:19.386754:500,0,0,0,260,282,685,0
16:22:20.389494:381,0,0,0,260,282,685,0
16:22:21.392007:346,0,0,0,290,712,685,0
16:22:22.394428:276,0,0,0,265,372,685,0
16:22:23.397079:300,0,0,0,315,422,685,0
16:22:24.399636:374,0,0,0,245,422,685,0
16:22:25.407217:471,0,0,0,215,422,685,0
16:22:26.409445:469,0,0,0,110,262,685,0
16:22:27.412063:503,0,0,0,315,372,685,0
16:22:28.414645:433,0,0,0,315,472,685,0
16:22:29.417159:493,0,0,0,265,422,685,0
16:22:30.424024:332,0,0,0,440,212,685,0
16:22:31.426588:293,0,0,0,315,282,685,0
16:22:32.429335:272,0,0,0,290,712,685,0
16:22:33.432950:511,0,0,0,85,372,685,0
16:22:35.437913:328,0,0,0,265,632,685,0
16:22:36.440564:491,0,0,0,440,307,685,0
16:22:37.443187:424,0,0,0,265,307,685,0
16:22:38.445656:273,0,0,0,385,212,685,0
16:22:39.448247:472,0,0,0,310,462,685,0
16:22:40.450842:332,0,0,0,315,372,685,0
16:22:42.463871:340,0,0,0,315,462,685,0
16:22:43.466430:358,0,0,0,315,307,685,0
16:22:44.468991:298,0,0,0,470,282,685,0
16:22:45.471569:500,0,0,0,280,312,685,0
16:22:46.479913:336,0,0,0,350,472,685,0
16:22:47.483044:450,0,0,0,395,447,685,0
16:22:48.487691:260,0,0,0,220,462,685,0
16:22:49.512974:326,0,0,0,220,462,685,0
16:22:50.515586:361,0,0,0,265,372,685,0
16:22:51.522956:462,0,0,0,310,462,685,0
16:22:52.525466:415,0,0,0,345,262,685,0
16:22:53.528121:500,0,0,0,385,262,685,0
16:22:54.530667:413,0,0,0,395,212,685,0
16:22:55.533548:369,0,0,0,280,447,685,0
16:22:56.542405:423,0,0,0,260,712,685,0
16:22:57.544924:447,0,0,0,260,307,685,0
16:22:58.547563:455,0,0,0,260,312,685,0
16:22:59.550131:438,0,0,0,260,282,685,0
16:23:00.552860:435,0,0,0,280,372,685,0
16:23:01.561333:370,0,0,0,85,307,685,0
16:23:02.565524:479,0,0,0,280,312,685,0
16:23:03.571498:270,0,0,0,280,372,685,0
16:23:04.582904:270,0,0,0,280,372,685,0
16:23:05.585340:487,0,0,0,260,752,685,0
16:23:06.591381:470,0,0,0,260,422,685,0
16:23:07.593926:328,0,0,0,350,422,685,0
16:23:08.596549:332,0,0,0,245,307,685,0
16:23:09.599104:484,0,0,0,470,387,685,0
16:23:10.601484:356,0,0,0,470,312,685,0
16:23:11.608955:356,0,0,0,260,462,685,0
16:23:12.611490:371,0,0,0,395,342,685,0
16:23:13.614063:385,0,0,0,315,422,685,0
16:23:14.616620:275,0,0,0,85,632,685,0
16:23:15.619200:448,0,0,0,390,262,685,0
16:23:16.625185:343,0,0,0,290,307,685,0
16:23:17.630101:418,0,0,0,440,447,685,0
16:23:19.641885:511,0,0,0,260,342,685,0
16:23:20.644510:387,0,0,0,395,372,685,0
16:23:21.651782:326,0,0,0,245,422,685,0
16:23:22.654425:273,0,0,0,85,372,685,0
16:23:23.656957:412,0,0,0,245,422,685,0
16:23:24.659755:318,0,0,0,345,307,685,0
16:23:25.668904:345,0,0,0,85,462,685,0
16:23:26.684940:345,0,0,0,612,422,685,0
16:23:27.687430:438,0,0,0,290,372,685,0
16:23:28.690674:380,0,0,0,265,307,685,0
16:23:29.694061:466,0,0,0,265,462,685,0
16:23:30.697481:290,0,0,0,395,282,685,0
16:23:31.705357:398,0,0,0,85,462,685,0
16:23:32.707914:295,0,0,0,85,422,685,0
16:23:34.712303:258,0,0,0,85,712,685,0
16:23:35.715559:273,0,0,0,280,312,685,0
16:23:36.725596:507,0,0,0,220,422,685,0
16:23:37.728871:489,0,0,0,345,372,685,0
16:23:38.732151:325,0,0,0,485,712,685,0
16:23:39.735560:284,0,0,0,470,262,685,0
16:23:40.739917:286,0,0,0,220,447,685,0
16:23:41.747301:286,0,0,0,485,484,685,0
16:23:42.750949:334,0,0,0,265,557,685,0
16:23:43.754441:420,0,0,0,85,312,685,0
16:23:44.757694:311,0,0,0,440,462,685,0
16:23:45.760997:478,0,0,0,290,262,685,0
16:23:46.769977:357,0,0,0,280,262,685,0
16:23:47.774608:316,0,0,0,490,712,685,0
16:23:48.777070:316,0,0,0,85,262,685,0
16:23:49.780462:380,0,0,0,85,262,685,0
16:23:50.783818:400,0,0,0,395,312,685,0
16:23:51.792776:293,0,0,0,260,472,685,0
16:23:52.796334:287,0,0,0,395,307,685,0
16:23:53.802866:323,0,0,0,315,712,685,0
16:23:54.806531:460,0,0,0,265,262,685,0
16:23:55.809095:313,0,0,0,265,262,685,0
16:23:56.817262:420,0,0,0,315,342,685,0
16:23:57.819820:474,0,0,0,385,472,685,0
16:23:58.822384:327,0,0,0,85,372,685,0
16:23:59.824935:395,0,0,0,440,212,685,0
16:24:00.827564:371,0,0,0,265,262,685,0
16:24:01.834656:363,0,0,0,440,447,685,0
16:24:03.839833:318,0,0,0,280,372,685,0
16:24:04.842479:476,0,0,0,315,427,685,0
16:24:05.844991:388,0,0,0,290,427,685,0
16:24:06.852276:373,0,0,0,315,462,685,0
16:24:07.854926:326,0,0,0,345,282,685,0
16:24:08.857493:471,0,0,0,280,472,685,0
16:24:09.861330:325,0,0,0,280,372,685,0
16:24:10.863963:325,0,0,0,85,342,685,0
16:24:11.872700:383,0,0,0,440,462,685,0
16:24:12.875279:456,0,0,0,290,262,685,0
16:24:13.878353:443,0,0,0,280,632,685,0
16:24:14.881552:391,0,0,0,490,312,685,0
16:24:15.884963:416,0,0,0,395,372,685,0
16:24:16.892135:482,0,0,0,470,712,685,0
16:24:17.894596:455,0,0,0,470,712,685,0
16:24:18.897835:338,0,0,0,290,262,685,0
16:24:19.901247:380,0,0,0,85,372,685,0
16:24:20.908364:321,0,0,0,345,422,685,0
16:24:21.918091:388,0,0,0,290,712,685,0
16:24:22.920714:496,0,0,0,260,387,685,0
16:24:23.923447:284,0,0,0,470,462,685,0
16:24:25.927867:407,0,0,0,470,472,685,0
16:24:26.935770:254,0,0,0,385,282,685,0
16:24:27.938294:464,0,0,0,440,312,685,0
16:24:28.940851:375,0,0,0,280,447,685,0
16:24:29.943508:365,0,0,0,320,312,685,0
16:24:30.946285:276,0,0,0,315,262,685,0
16:24:31.953058:367,0,0,0,265,422,685,0
16:24:32.956434:276,0,0,0,490,462,685,0
16:24:33.958946:473,0,0,0,260,372,685,0
16:24:34.961495:276,0,0,0,485,307,685,0
16:24:35.964093:418,0,0,0,385,422,685,0
16:24:36.972192:355,0,0,0,470,712,685,0
16:24:37.974803:480,0,0,0,315,372,685,0
16:24:38.978233:320,0,0,0,85,447,685,0
16:24:39.980874:320,0,0,0,85,447,685,0
16:24:40.984338:497,0,0,0,315,387,685,0
16:24:41.995499:463,0,0,0,395,387,685,0
16:24:42.998206:422,0,0,0,752,447,685,0
16:24:44.000732:311,0,0,0,290,342,685,0
16:24:45.003545:302,0,0,0,440,372,685,0
16:24:46.006065:270,0,0,0,265,307,685,0
16:24:47.008710:270,0,0,0,265,307,685,0
16:24:48.011344:309,0,0,0,265,312,685,0
16:24:49.013908:417,0,0,0,220,307,685,0
16:24:50.016479:268,0,0,0,290,447,685,0
16:24:51.019095:451,0,0,0,290,307,685,0
16:24:52.027996:486,0,0,0,315,282,685,0
16:24:53.030605:429,0,0,0,260,712,685,0
16:24:54.033452:429,0,0,0,290,262,685,0
16:24:55.035972:486,0,0,0,440,447,685,0
16:24:56.038602:384,0,0,0,390,472,685,0
16:24:57.044224:380,0,0,0,385,422,685,0
16:24:58.046716:308,0,0,0,220,282,685,0
16:24:59.049264:456,0,0,0,245,372,685,0
16:25:00.054004:253,0,0,0,85,342,685,0
16:25:01.057206:253,0,0,0,265,447,685,0
16:25:02.063200:474,0,0,0,395,307,685,0
16:25:03.065731:272,0,0,0,490,262,685,0
16:25:04.068864:488,0,0,0,490,282,685,0
16:25:05.071390:326,0,0,0,265,422,685,0
16:25:06.075839:430,0,0,0,315,427,685,0
16:25:07.086417:295,0,0,0,220,342,685,0
16:25:08.109242:295,0,0,0,220,342,685,0
16:25:09.111878:475,0,0,0,290,312,685,0
16:25:10.114449:345,0,0,0,470,462,685,0
16:25:11.117098:329,0,0,0,490,212,685,0
16:25:12.123303:285,0,0,0,260,342,685,0
16:25:13.125661:450,0,0,0,315,472,685,0
16:25:14.129085:270,0,0,0,315,307,685,0
16:25:16.140650:298,0,0,0,220,472,685,0
16:25:17.147491:263,0,0,0,385,307,685,0
16:25:18.150142:367,0,0,0,490,372,685,0
16:25:19.152892:499,0,0,0,265,462,685,0
16:25:20.155463:265,0,0,0,245,472,685,0
16:25:21.158940:452,0,0,0,265,262,685,0
16:25:23.168005:295,0,0,0,290,447,685,0
16:25:24.170510:284,0,0,0,260,262,685,0
16:25:25.173240:387,0,0,0,265,422,685,0
16:25:26.175821:344,0,0,0,265,462,685,0
16:25:27.183178:384,0,0,0,470,262,685,0
16:25:28.186683:272,0,0,0,385,262,685,0
16:25:29.192699:421,0,0,0,245,372,685,0
16:25:30.199347:362,0,0,0,260,307,685,0
16:25:31.201396:403,0,0,0,315,462,685,0
16:25:32.208709:288,0,0,0,290,447,685,0
16:25:33.211350:345,0,0,0,280,312,685,0
16:25:34.214674:330,0,0,0,345,262,685,0
16:25:35.218026:261,0,0,0,490,422,685,0
16:25:36.223436:257,0,0,0,245,472,685,0
16:25:37.228157:467,0,0,0,485,422,685,0
16:25:38.230803:473,0,0,0,440,312,685,0
16:25:39.233440:488,0,0,0,220,372,685,0
16:25:40.236089:440,0,0,0,315,462,685,0
16:25:41.238615:390,0,0,0,280,212,685,0
16:25:42.248280:432,0,0,0,260,307,685,0
16:25:43.250763:480,0,0,0,110,262,685,0
16:25:44.253649:410,0,0,0,110,262,685,0
16:25:45.256170:323,0,0,0,215,372,685,0
16:25:46.258688:298,0,0,0,280,262,685,0
16:25:47.267849:350,0,0,0,265,372,685,0
16:25:48.270965:294,0,0,0,215,372,685,0
16:25:49.274606:433,0,0,0,245,262,685,0
16:25:50.278048:500,0,0,0,290,262,685,0
16:25:51.289423:500,0,0,0,395,422,685,0
16:25:52.291943:285,0,0,0,260,262,685,0
16:25:53.295275:369,0,0,0,440,307,685,0
16:25:54.301502:362,0,0,0,85,312,685,0
16:25:55.306685:437,0,0,0,85,447,685,0
16:25:56.309369:505,0,0,0,245,387,685,0
16:25:57.317861:435,0,0,0,470,262,685,0
16:25:58.322549:418,0,0,0,385,312,685,0
16:25:59.325089:469,0,0,0,315,262,685,0
16:26:00.327686:359,0,0,0,345,557,685,0
16:26:01.330309:454,0,0,0,245,447,685,0
16:26:02.338016:363,0,0,0,385,372,685,0
16:26:03.340671:393,0,0,0,265,372,685,0
16:26:04.343638:283,0,0,0,290,632,685,0
16:26:05.347306:310,0,0,0,215,462,685,0
16:26:06.351416:301,0,0,0,300,262,685,0
16:26:07.358090:503,0,0,0,300,462,685,0
16:26:08.360695:401,0,0,0,265,422,685,0
16:26:09.363611:431,0,0,0,315,372,685,0
16:26:10.366305:462,0,0,0,280,447,685,0
16:26:11.368882:280,0,0,0,440,372,685,0
16:26:12.375433:273,0,0,0,330,422,685,0
16:26:13.378085:273,0,0,0,330,422,685,0
16:26:14.380613:467,0,0,0,470,262,685,0
16:26:15.383281:413,0,0,0,265,422,685,0
16:26:16.385842:474,0,0,0,280,282,685,0
16:26:17.391722:333,0,0,0,260,462,685,0
16:26:18.394282:447,0,0,0,280,307,685,0
16:26:19.397798:339,0,0,0,315,372,685,0
16:26:20.401071:339,0,0,0,245,422,685,0
16:26:21.408202:415,0,0,0,290,632,685,0
16:26:22.414170:396,0,0,0,245,387,685,0
16:26:23.416657:495,0,0,0,390,307,685,0
16:26:24.419153:286,0,0,0,395,372,685,0
16:26:25.421488:473,0,0,0,85,307,685,0
16:26:26.431471:307,0,0,0,245,712,685,0
16:26:27.442864:371,0,0,0,215,307,685,0
16:26:28.445445:464,0,0,0,290,557,685,0
16:26:29.447978:440,0,0,0,265,712,685,0
16:26:30.450649:287,0,0,0,280,372,685,0
16:26:31.453927:286,0,0,0,245,307,685,0
16:26:32.465713:467,0,0,0,260,312,685,0
16:26:33.471433:509,0,0,0,485,422,685,0
16:26:34.473991:314,0,0,0,485,422,685,0
16:26:35.477268:453,0,0,0,260,372,685,0
16:26:36.479837:491,0,0,0,315,262,685,0
16:26:37.491624:354,0,0,0,440,422,685,0
16:26:38.494033:428,0,0,0,290,307,685,0
16:26:39.496667:492,0,0,0,265,462,685,0
16:26:40.500012:325,0,0,0,220,312,685,0
16:26:41.511457:325,0,0,0,220,312,685,0
16:26:42.513767:378,0,0,0,490,307,685,0
16:26:43.516426:341,0,0,0,315,557,685,0
16:26:44.518912:290,0,0,0,265,422,685,0
16:26:45.521573:429,0,0,0,385,372,685,0
16:26:46.524043:497,0,0,0,470,212,685,0
16:26:47.531096:331,0,0,0,280,447,685,0
16:26:49.536099:355,0,0,0,290,212,685,0
16:26:50.538643:344,0,0,0,350,472,685,0
16:26:51.541096:440,0,0,0,440,422,685,0
16:26:52.547228:363,0,0,0,260,712,685,0
16:26:53.549944:442,0,0,0,265,262,685,0
16:26:54.552737:425,0,0,0,290,372,685,0
16:26:55.561422:370,0,0,0,310,312,685,0
16:26:56.564158:438,0,0,0,310,312,685,0
16:26:57.577490:484,0,0,0,395,212,685,0
16:26:58.580024:275,0,0,0,345,422,685,0
16:26:59.582910:459,0,0,0,265,312,685,0
16:27:00.585496:335,0,0,0,215,472,685,0
16:27:01.588105:331,0,0,0,85,312,685,0
16:27:02.621437:428,0,0,0,612,307,685,0
16:27:03.629045:428,0,0,0,265,262,685,0
16:27:04.631410:366,0,0,0,280,262,685,0
16:27:05.633996:451,0,0,0,265,262,685,0
16:27:06.636498:449,0,0,0,470,307,685,0
16:27:07.645656:452,0,0,0,485,422,685,0
16:27:08.648660:336,0,0,0,440,372,685,0
16:27:09.653503:326,0,0,0,245,447,685,0
16:27:10.656760:326,0,0,0,280,712,685,0
16:27:11.659978:328,0,0,0,345,282,685,0
16:27:12.669231:369,0,0,0,215,557,685,0
16:27:13.672624:481,0,0,0,245,307,685,0
16:27:14.675880:452,0,0,0,315,342,685,0
16:27:15.679183:494,0,0,0,290,427,685,0
16:27:16.682681:475,0,0,0,290,307,685,0
16:27:18.692925:373,0,0,0,245,712,685,0
16:27:19.696360:436,0,0,0,280,447,685,0
16:27:20.699526:355,0,0,0,290,312,685,0
16:27:21.703017:449,0,0,0,280,632,685,0
16:27:22.711910:382,0,0,0,280,312,685,0
16:27:23.714965:406,0,0,0,385,307,685,0
16:27:24.717543:406,0,0,0,385,307,685,0
16:27:25.720752:506,0,0,0,85,472,685,0
16:27:26.724111:384,0,0,0,280,447,685,0
16:27:27.732778:326,0,0,0,490,262,685,0
16:27:28.736142:300,0,0,0,315,632,685,0
16:27:29.739944:269,0,0,0,260,282,685,0
16:27:30.743530:378,0,0,0,440,612,685,0
16:27:32.747988:399,0,0,0,280,342,685,0
16:27:33.751352:292,0,0,0,315,372,685,0
16:27:34.754645:501,0,0,0,245,447,685,0
16:27:35.757910:459,0,0,0,245,372,685,0
16:27:36.760770:468,0,0,0,260,472,685,0
16:27:37.771414:359,0,0,0,280,447,685,0
16:27:38.774189:359,0,0,0,265,632,685,0
16:27:39.777429:447,0,0,0,315,422,685,0
16:27:40.781057:310,0,0,0,752,712,685,0
16:27:41.784284:390,0,0,0,280,422,685,0
16:27:42.787744:276,0,0,0,470,447,685,0
16:27:43.797341:491,0,0,0,260,262,685,0
16:27:44.800297:316,0,0,0,215,372,685,0
16:27:45.803083:316,0,0,0,290,342,685,0
16:27:46.805744:447,0,0,0,470,312,685,0
16:27:47.808567:366,0,0,0,245,472,685,0
16:27:48.814692:358,0,0,0,395,462,685,0
16:27:49.817937:315,0,0,0,385,262,685,0
16:27:50.820558:463,0,0,0,260,472,685,0
16:27:51.831420:306,0,0,0,260,632,685,0
16:27:52.833950:306,0,0,0,265,557,685,0
16:27:53.843957:358,0,0,0,490,472,685,0
16:27:54.846610:389,0,0,0,265,422,685,0
16:27:55.849874:314,0,0,0,490,462,685,0
16:27:56.853324:354,0,0,0,385,307,685,0
16:27:57.856023:262,0,0,0,280,312,685,0
16:27:58.869575:498,0,0,0,215,342,685,0
16:28:00.874404:319,0,0,0,280,472,685,0
16:28:01.876923:443,0,0,0,490,557,685,0
16:28:02.879574:429,0,0,0,280,307,685,0
16:28:03.889454:500,0,0,0,345,422,685,0
16:28:04.892073:462,0,0,0,490,372,685,0
16:28:05.895582:409,0,0,0,300,387,685,0
16:28:07.902924:359,0,0,0,265,212,685,0
16:28:08.908752:282,0,0,0,315,632,685,0
16:28:09.911452:380,0,0,0,265,312,685,0
16:28:10.914167:300,0,0,0,315,472,685,0
16:28:11.917077:349,0,0,0,315,262,685,0
16:28:12.919765:300,0,0,0,260,712,685,0
16:28:13.926166:300,0,0,0,245,712,685,0
16:28:14.928621:401,0,0,0,265,307,685,0
16:28:15.931034:298,0,0,0,280,422,685,0
16:28:16.933795:364,0,0,0,265,307,685,0
16:28:17.936373:419,0,0,0,485,372,685,0
16:28:18.945522:319,0,0,0,85,712,685,0
16:28:19.949023:487,0,0,0,110,262,685,0
16:28:20.951375:487,0,0,0,110,262,685,0
16:28:21.953910:498,0,0,0,245,422,685,0
16:28:22.956713:421,0,0,0,245,312,685,0
16:28:23.965356:336,0,0,0,265,462,685,0
16:28:24.967960:505,0,0,0,260,470,685,0
16:28:25.970473:323,0,0,0,395,422,685,0
16:28:26.974150:460,0,0,0,265,472,685,0
16:28:27.976679:460,0,0,0,265,472,685,0
16:28:28.994711:388,0,0,0,385,312,685,0
16:28:29.997214:462,0,0,0,245,262,685,0
16:28:30.999860:270,0,0,0,215,470,685,0
16:28:32.002511:366,0,0,0,245,447,685,0
16:28:33.005214:334,0,0,0,385,312,685,0
16:28:34.010990:261,0,0,0,470,422,685,0
16:28:35.013627:261,0,0,0,470,422,685,0
16:28:36.019706:399,0,0,0,485,447,685,0
16:28:37.021436:403,0,0,0,320,632,685,0
16:28:38.023915:416,0,0,0,490,282,685,0
16:28:39.031770:419,0,0,0,320,422,685,0
16:28:40.041422:397,0,0,0,260,262,685,0
16:28:41.044809:343,0,0,0,470,472,685,0
16:28:42.047419:343,0,0,0,470,472,685,0
16:28:43.050695:310,0,0,0,752,422,685,0
16:28:44.059124:352,0,0,0,85,472,685,0
16:28:45.062597:493,0,0,0,265,212,685,0
16:28:46.065889:352,0,0,0,350,472,685,0
16:28:47.069254:469,0,0,0,315,422,685,0
-------------------------------
Starting Logging:17:04:04.735130
Data Format...
hour:min:sec.milli:bus_current,bus_voltage,vehicle_velocity,motor_velocity,phase_a_current,phase_b_current,dc_bus_amphours,odometer
-------------------------------
17:04:07.203952:578,0,0,0,315,472,0,0
17:04:08.210871:370,0,0,0,290,712,0,0
17:04:09.213786:743,0,0,0,470,712,685,0
17:04:10.216269:719,0,0,0,315,422,685,0
17:04:11.218927:653,0,0,0,290,462,685,0
17:04:12.221995:629,0,0,0,245,282,685,0
17:04:13.224511:629,0,0,0,85,447,685,0
17:04:14.226982:540,0,0,0,280,212,685,0
17:04:15.229615:604,0,0,0,440,262,685,0
17:04:16.231437:671,0,0,0,85,712,685,0
17:04:17.233939:690,0,0,0,315,307,685,0
17:04:18.236524:561,0,0,0,265,312,685,0
17:04:20.241110:624,0,0,0,612,212,685,0
17:04:21.287735:552,0,0,0,470,312,685,0
17:04:22.290198:646,0,0,0,395,712,685,0
17:04:23.293647:494,0,0,0,260,307,685,0
17:04:24.297060:593,0,0,0,440,307,685,0
-------------------------------
Starting Logging:23:05:57.157003
Data Format...
hour:min:sec.milli:bus_current,bus_voltage,vehicle_velocity,motor_velocity,phase_a_current,phase_b_current,dc_bus_amphours,odometer
-------------------------------
23:05:59.552583:471,0,0,0,280,212,685,598
23:06:00.555923:250,0,0,0,215,307,685,598
23:06:01.559338:346,0,0,0,215,712,685,598
23:06:02.562735:406,0,0,0,752,307,685,598
23:06:03.566118:437,0,0,0,390,212,685,598
23:06:04.569526:226,0,0,0,220,307,685,598
23:06:05.573164:433,0,0,0,312,312,685,598
23:06:06.576454:364,0,0,0,312,427,685,598
23:06:07.579810:360,0,0,0,612,307,685,598
23:06:08.583090:330,0,0,0,312,427,685,598
23:06:09.586568:377,0,0,0,300,447,685,598
23:06:10.591418:241,425,0,0,184,328,685,598
23:06:12.599186:344,176,0,0,298,329,685,598
23:06:13.608172:250,0,0,0,262,387,685,598
23:06:14.611517:357,0,0,0,262,387,685,598
-------------------------------
Starting Logging:23:10:10.323215
Data Format...
hour:min:sec.milli:bus_current,bus_voltage,vehicle_velocity,motor_velocity,phase_a_current,phase_b_current,dc_bus_amphours,odometer
-------------------------------
23:10:12.722072:479,0,0,0,440,282,0,0
23:10:13.734176:464,0,0,0,390,462,505,465
23:10:14.738603:279,0,0,0,470,262,505,465
23:10:15.743576:329,0,0,0,315,712,505,465
23:10:16.748506:279,0,0,0,632,282,505,465
23:10:17.753112:448,0,0,0,390,212,505,465
23:10:18.770023:437,0,0,0,485,422,505,465
23:10:19.772734:310,0,0,0,215,427,505,465
23:10:20.776004:260,0,0,0,557,472,505,465
23:10:21.779346:478,0,0,0,312,472,505,465
23:10:22.782861:288,0,0,0,215,307,505,465
23:10:23.790330:400,0,0,0,85,307,505,465
23:10:24.792875:400,0,0,0,215,312,505,465
23:10:25.795513:301,0,0,0,280,372,505,465
23:10:26.798815:486,0,0,0,312,422,505,465
23:10:27.801449:292,0,0,0,752,472,505,465
23:10:28.813214:329,0,0,0,387,282,505,465
23:10:29.817043:323,0,0,0,470,212,505,465
23:10:30.821086:288,0,0,0,300,342,505,465
23:10:31.831743:288,0,0,0,300,447,505,465
23:10:32.835047:380,0,0,0,300,282,505,465
23:10:33.843071:319,235,0,0,345,422,505,520
23:10:34.846303:428,544,0,0,577,164,505,296
23:10:35.849790:302,495,0,0,330,535,505,489
23:10:36.852268:376,291,0,0,336,492,505,255
23:10:37.856030:361,396,0,0,301,382,390,469
23:10:38.874769:388,456,0,0,665,400,390,469
23:10:39.877968:320,678,0,0,368,415,463,521
23:10:40.881781:438,216,0,0,454,509,463,454
23:10:41.885159:308,500,0,0,379,332,575,347
23:10:42.888467:423,0,0,0,447,632,575,347
23:10:43.899317:384,0,0,0,462,632,575,347
23:10:44.911409:310,0,0,0,462,632,575,347
-------------------------------
Starting Logging:10:42:47.901406
Data Format...
hour:min:sec.milli:bus_current,bus_voltage,vehicle_velocity,motor_velocity,phase_a_current,phase_b_current,dc_bus_amphours,odometer
-------------------------------
-------------------------------
Starting Logging:10:43:20.343928
Data Format...
hour:min:sec.milli:bus_current,bus_voltage,vehicle_velocity,motor_velocity,phase_a_current,phase_b_current,dc_bus_amphours,odometer
-------------------------------
-------------------------------
Starting Logging:10:57:13.839689
Data Format...
hour:min:sec.milli:bus_current,bus_voltage,vehicle_velocity,motor_velocity,phase_a_current,phase_b_current,dc_bus_amphours,odometer
-------------------------------
-------------------------------
Starting Logging:10:58:56.074266
Data Format...
hour:min:sec.milli:bus_current,bus_voltage,vehicle_velocity,motor_velocity,phase_a_current,phase_b_current,dc_bus_amphours,odometer
-------------------------------
10:58:58.493499:0,0,0,0,0,0,0,0
10:58:59.497460:0,0,0,0,0,0,0,0
10:59:00.507380:0,0,0,0,0,0,0,0
10:59:01.510640:0,0,0,0,0,0,0,0
10:59:02.514950:0,0,0,0,0,0,0,0
10:59:03.519693:0,0,0,0,0,0,0,0
10:59:04.524002:0,0,0,0,0,0,0,0
10:59:05.532024:0,0,0,0,0,0,0,0
10:59:06.536405:0,0,0,0,0,0,0,0
10:59:07.540089:0,0,0,0,0,0,0,0
10:59:08.544205:0,0,0,0,0,0,0,0
10:59:09.548174:0,0,0,0,0,0,0,0
10:59:10.557499:0,0,0,0,0,0,0,0
10:59:11.561447:0,0,0,0,0,0,0,0
10:59:12.566297:0,0,0,0,0,0,0,0
10:59:13.570024:0,0,0,0,0,0,0,0
10:59:14.574154:0,0,0,0,0,0,0,0
10:59:15.584539:0,0,0,0,0,0,0,0
10:59:16.587157:0,0,0,0,0,0,0,0
10:59:17.590505:0,0,0,0,0,0,0,0
10:59:18.593156:0,0,0,0,0,0,0,0
10:59:19.596823:0,0,0,0,0,0,0,0
10:59:20.602030:0,0,0,0,0,0,0,0
10:59:21.607256:0,0,0,0,0,0,0,0
10:59:22.610831:0,0,0,0,0,0,0,0
10:59:23.615838:0,0,0,0,0,0,0,0
10:59:24.619175:0,0,0,0,0,0,0,0
10:59:25.626789:0,0,0,0,0,0,0,0
10:59:26.629408:0,0,0,0,0,0,0,0
10:59:27.634505:0,0,0,0,0,0,0,0
10:59:28.638855:0,0,0,0,0,0,0,0
10:59:29.641493:0,0,0,0,0,0,0,0
10:59:31.192798:0,0,0,0,0,0,0,0
10:59:32.195229:0,0,0,0,0,0,0,0
10:59:33.198604:0,0,0,0,0,0,0,0
10:59:34.201454:0,0,0,0,0,0,0,0
10:59:35.204943:0,0,0,0,0,0,0,0
10:59:36.214971:0,0,0,0,0,0,0,0
10:59:37.217793:0,0,0,0,0,0,0,0
10:59:38.222729:0,0,0,0,0,0,0,0
10:59:39.226086:0,0,0,0,0,0,0,0
10:59:40.230887:0,0,0,0,0,0,0,0
10:59:41.236811:0,0,0,0,0,0,0,0
10:59:42.241031:0,0,0,0,0,0,0,0
10:59:43.244750:0,0,0,0,0,0,0,0
10:59:44.248723:0,0,0,0,0,0,0,0
10:59:45.252681:0,0,0,0,0,0,0,0
10:59:46.260747:0,0,0,0,0,0,0,0
10:59:47.266131:0,0,0,0,0,0,0,0
10:59:48.269497:0,0,0,0,0,0,0,0
10:59:49.272937:0,0,0,0,0,0,0,0
10:59:50.276207:0,0,0,0,0,0,0,0
10:59:51.284499:0,0,0,0,0,0,0,0
10:59:52.289603:0,0,0,0,0,0,0,0
10:59:53.291338:0,0,0,0,0,0,0,0
10:59:54.294647:0,0,0,0,0,0,0,0
10:59:55.298006:0,0,0,0,0,0,0,0
-------------------------------
Starting Logging:10:59:59.002650
Data Format...
hour:min:sec.milli:bus_current,bus_voltage,vehicle_velocity,motor_velocity,phase_a_current,phase_b_current,dc_bus_amphours,odometer
-------------------------------
11:00:00.515972:0,0,0,0,0,0,0,0
11:00:01.523625:0,0,0,0,0,0,0,0
11:00:02.526997:0,0,0,0,0,0,0,0
11:00:03.530345:0,0,0,0,0,0,0,0
11:00:04.543041:0,0,0,0,0,0,0,0
11:00:05.546403:0,0,0,0,0,0,0,0
11:00:06.549770:0,0,0,0,0,0,0,0
11:00:07.553923:0,0,0,0,0,0,0,0
11:00:08.557456:0,0,0,0,0,0,0,0
11:00:09.566132:0,0,0,0,0,0,0,0
11:00:10.573299:0,0,0,0,0,0,0,0
11:00:11.577106:0,0,0,0,0,0,0,0
11:00:12.580963:0,0,0,0,0,0,0,0
11:00:13.585103:0,0,0,0,0,0,0,0
11:00:14.597649:0,0,0,0,0,0,0,0
11:00:15.601345:0,0,0,0,0,0,0,0
11:00:16.605287:0,0,0,0,0,0,0,0
11:00:17.609359:0,0,0,0,0,0,0,0
11:00:18.613320:0,0,0,0,0,0,0,0
11:00:19.642498:0,0,0,0,0,0,0,0
11:00:20.646450:0,0,0,0,0,0,0,0
11:00:21.649716:0,0,0,0,0,0,0,0
11:00:22.654055:0,0,0,0,0,0,0,0
11:00:23.658157:0,0,0,0,0,0,0,0
11:00:24.666215:0,0,0,0,0,0,0,0
11:00:25.669798:0,0,0,0,0,0,0,0
11:00:26.673962:0,0,0,0,0,0,0,0
11:00:27.677974:0,0,0,0,0,0,0,0
11:00:28.681984:0,0,0,0,0,0,0,0
11:00:29.694526:0,0,0,0,0,0,0,0
11:00:30.699090:0,0,0,0,0,0,0,0
11:00:31.703149:0,0,0,0,0,0,0,0
11:00:32.707059:0,0,0,0,0,0,0,0
11:00:33.711163:0,0,0,0,0,0,0,0
11:00:34.724136:0,0,0,0,0,0,0,0
11:00:35.727990:0,0,0,0,0,0,0,0
11:00:36.732105:0,0,0,0,0,0,0,0
11:00:37.738333:0,0,0,0,0,0,0,0
11:00:38.742515:0,0,0,0,0,0,0,0
11:00:39.752812:0,0,0,0,0,0,0,0
11:00:40.756767:0,0,0,0,0,0,0,0
11:00:41.760946:0,0,0,0,0,0,0,0
11:00:42.770327:0,0,0,0,0,0,0,0
11:00:43.773453:0,0,0,0,0,0,0,0
11:00:44.782760:0,0,0,0,0,0,0,0
11:00:45.786543:0,0,0,0,0,0,0,0
11:00:46.789817:0,0,0,0,0,0,0,0
11:00:47.793412:0,0,0,0,0,0,0,0
11:00:48.796793:0,0,0,0,0,0,0,0
11:00:49.803902:0,0,0,0,0,0,0,0
11:00:50.807349:0,0,0,0,0,0,0,0
11:00:51.810861:0,0,0,0,0,0,0,0
11:00:52.814348:0,0,0,0,0,0,0,0
11:00:53.817668:0,0,0,0,0,0,0,0
11:00:54.825862:0,0,0,0,0,0,0,0
11:00:55.830094:0,0,0,0,0,0,0,0
11:00:56.834243:0,0,0,0,0,0,0,0
11:00:57.837665:0,0,0,0,0,0,0,0
11:00:58.840988:0,0,0,0,0,0,0,0
11:00:59.848918:0,0,0,0,0,0,0,0
11:01:00.853208:0,0,0,0,0,0,0,0
11:01:01.857466:0,0,0,0,0,0,0,0
11:01:02.861562:0,0,0,0,0,0,0,0
11:01:03.864268:0,0,0,0,0,0,0,0
11:01:04.879357:0,0,0,0,0,0,0,0
11:01:05.881942:0,0,0,0,0,0,0,0
11:01:06.884461:0,0,0,0,0,0,0,0
11:01:07.887873:0,0,0,0,0,0,0,0
11:01:08.890880:0,0,0,0,0,0,0,0
11:01:09.903939:0,0,0,0,0,0,0,0
11:01:10.907972:0,0,0,0,0,0,0,0
11:01:11.911939:0,0,0,0,0,0,0,0
11:01:12.916144:0,0,0,0,0,0,0,0
11:01:13.920063:0,0,0,0,0,0,0,0
11:01:14.935250:0,0,0,0,0,0,0,0
11:01:15.938574:0,0,0,0,0,0,0,0
11:01:16.941344:0,0,0,0,0,0,0,0
11:01:17.944674:0,0,0,0,0,0,0,0
11:01:18.948018:0,0,0,0,0,0,0,0
11:01:19.955422:0,0,0,0,0,0,0,0
11:01:20.958955:0,0,0,0,0,0,0,0
11:01:21.962472:0,0,0,0,0,0,0,0
11:01:22.965869:0,0,0,0,0,0,0,0
11:01:23.969285:0,0,0,0,0,0,0,0
11:01:24.978370:0,0,0,0,0,0,0,0
11:01:25.982860:0,0,0,0,0,0,0,0
11:01:26.986295:0,0,0,0,0,0,0,0
11:01:27.989973:0,0,0,0,0,0,0,0
11:01:28.996252:0,0,0,0,0,0,0,0
11:01:30.004873:0,0,0,0,0,0,0,0
11:01:31.007810:0,0,0,0,0,0,0,0
11:01:32.011195:0,0,0,0,0,0,0,0
-------------------------------
Starting Logging:11:07:22.896207
Data Format...
hour:min:sec.milli:bus_current,bus_voltage,vehicle_velocity,motor_velocity,phase_a_current,phase_b_current,dc_bus_amphours,odometer
-------------------------------
11:07:25.359720:0,0,0,0,0,0,0,0
11:07:26.363289:0,0,0,0,0,0,0,0
11:07:27.370463:0,0,0,0,0,0,0,0
11:07:28.374437:0,0,0,0,0,0,0,0
11:07:29.378557:0,0,0,0,0,0,0,0
11:07:30.382712:0,0,0,0,0,0,0,0
11:07:31.386699:0,0,0,0,0,0,0,0
11:07:32.393024:0,0,0,0,0,0,0,0
11:07:33.395608:0,0,0,0,0,0,0,0
11:07:34.399767:0,0,0,0,0,0,0,0
11:07:35.403246:0,0,0,0,0,0,0,0
11:07:36.405847:0,0,0,0,0,0,0,0
11:07:37.418285:0,0,0,0,0,0,0,0
11:07:38.421371:0,0,0,0,0,0,0,0
11:07:39.433642:0,0,0,0,0,0,0,0
11:07:40.436257:0,0,0,0,0,0,0,0
11:07:41.440370:0,0,0,0,0,0,0,0
11:07:42.446137:0,0,0,0,0,0,0,0
11:07:43.448711:0,0,0,0,0,0,0,0
11:07:44.452087:0,0,0,0,0,0,0,0
11:07:45.455909:0,0,0,0,0,0,0,0
11:07:46.458579:0,0,0,0,0,0,0,0
11:07:47.461453:0,0,0,0,0,0,0,0
11:07:48.464828:0,0,0,0,0,0,0,0
-------------------------------
Starting Logging:11:07:52.118941
Data Format...
hour:min:sec.milli:bus_current,bus_voltage,vehicle_velocity,motor_velocity,phase_a_current,phase_b_current,dc_bus_amphours,odometer
-------------------------------
11:07:53.979215:0,0,0,0,0,0,0,0
11:07:54.982875:0,0,0,0,0,0,0,0
11:07:55.986282:0,0,0,0,0,0,0,0
11:07:56.989702:0,0,0,0,0,0,0,0
11:07:57.993184:0,0,0,0,0,0,0,0
11:07:58.996571:0,0,0,0,0,0,0,0
11:07:59.999935:0,0,0,0,0,0,0,0
11:08:01.003509:0,0,0,0,0,0,0,0
11:08:02.006369:0,0,0,0,0,0,0,0
11:08:03.014217:0,0,0,0,0,0,0,0
11:08:04.025109:0,0,0,0,0,0,0,0
11:08:05.029944:0,0,0,0,0,0,0,0
11:08:06.034848:0,0,0,0,0,0,0,0
11:08:07.038108:0,0,0,0,0,0,0,0
11:08:08.041258:0,0,0,0,0,0,0,0
11:08:09.050088:0,0,0,0,0,0,0,0
11:08:10.054658:0,0,0,0,0,0,0,0
11:08:11.058503:0,0,0,0,0,0,0,0
11:08:12.062567:0,0,0,0,0,0,0,0
11:08:13.066694:0,0,0,0,0,0,0,0
11:08:14.078821:0,0,0,0,0,0,0,0
11:08:15.082956:0,0,0,0,0,0,0,0
11:08:16.086815:0,0,0,0,0,0,0,0
11:08:17.090806:0,0,0,0,0,0,0,0
11:08:18.094874:0,0,0,0,0,0,0,0
11:08:19.103377:0,0,0,0,0,0,0,0
11:08:20.108609:0,0,0,0,0,0,0,0
11:08:21.112573:0,0,0,0,0,0,0,0
11:08:22.116541:0,0,0,0,0,0,0,0
11:08:23.120747:0,0,0,0,0,0,0,0
11:08:24.130385:0,0,0,0,0,0,0,0
11:08:25.134006:0,0,0,0,0,0,0,0
11:08:26.137906:0,0,0,0,0,0,0,0
11:08:27.141842:0,0,0,0,0,0,0,0
11:08:28.145825:0,0,0,0,0,0,0,0
11:08:29.153602:0,0,0,0,0,0,0,0
11:08:30.157937:0,0,0,0,0,0,0,0
11:08:31.162428:0,0,0,0,0,0,0,0
11:08:32.166392:0,0,0,0,0,0,0,0
11:08:33.170724:0,0,0,0,0,0,0,0
11:08:34.183164:0,0,0,0,0,0,0,0
11:08:35.187157:0,0,0,0,0,0,0,0
11:08:36.191313:0,0,0,0,0,0,0,0
11:08:37.194835:0,0,0,0,0,0,0,0
11:08:38.199183:0,0,0,0,0,0,0,0
11:08:39.211604:0,0,0,0,0,0,0,0
11:08:40.216298:0,0,0,0,0,0,0,0
11:08:41.220978:0,0,0,0,0,0,0,0
11:08:42.226508:0,0,0,0,0,0,0,0
11:08:43.233373:0,0,0,0,0,0,0,0
11:08:44.242830:0,0,0,0,0,0,0,0
11:08:45.246551:0,0,0,0,0,0,0,0
11:08:46.250574:0,0,0,0,0,0,0,0
11:08:47.254547:0,0,0,0,0,0,0,0
11:08:48.259604:0,0,0,0,0,0,0,0
11:08:49.270872:0,0,0,0,0,0,0,0
11:08:50.273859:0,0,0,0,0,0,0,0
11:08:51.277196:0,0,0,0,0,0,0,0
11:08:52.280617:0,0,0,0,0,0,0,0
11:08:53.284167:0,0,0,0,0,0,0,0
11:08:54.294476:0,0,0,0,0,0,0,0
11:08:55.297484:0,0,0,0,0,0,0,0
11:08:56.300916:0,0,0,0,0,0,0,0
11:08:57.303696:0,0,0,0,0,0,0,0
11:08:58.306993:0,0,0,0,0,0,0,0
11:08:59.314839:0,0,0,0,0,0,0,0
11:09:00.317457:0,0,0,0,0,0,0,0
11:09:01.320983:0,0,0,0,0,0,0,0
11:09:02.325028:0,0,0,0,0,0,0,0
11:09:03.333474:0,0,0,0,0,0,0,0
11:09:04.347196:0,0,0,0,0,0,0,0
11:09:05.350452:0,0,0,0,0,0,0,0
11:09:06.353910:0,0,0,0,0,0,0,0
11:09:07.357267:0,0,0,0,0,0,0,0
11:09:08.360581:0,0,0,0,0,0,0,0
11:09:09.369707:0,0,0,0,0,0,0,0
11:09:10.373065:0,0,0,0,0,0,0,0
11:09:11.377443:0,0,0,0,0,0,0,0
11:09:12.380759:0,0,0,0,0,0,0,0
11:09:13.384205:0,0,0,0,0,0,0,0
11:09:14.397436:0,0,0,0,0,0,0,0
11:09:15.404722:0,0,0,0,0,0,0,0
11:09:16.408595:0,0,0,0,0,0,0,0
11:09:17.412622:0,0,0,0,0,0,0,0
11:09:18.416613:0,0,0,0,0,0,0,0
11:09:19.428315:0,0,0,0,0,0,0,0
11:09:20.433183:0,0,0,0,0,0,0,0
11:09:21.436506:0,0,0,0,0,0,0,0
11:09:22.439841:0,0,0,0,0,0,0,0
11:09:23.443788:0,0,0,0,0,0,0,0
11:09:24.451665:0,0,0,0,0,0,0,0
11:09:25.454298:0,0,0,0,0,0,0,0
11:09:26.457741:0,0,0,0,0,0,0,0
11:09:27.461142:0,0,0,0,0,0,0,0
11:09:28.464508:0,0,0,0,0,0,0,0
11:09:29.471982:0,0,0,0,0,0,0,0
11:09:30.475155:0,0,0,0,0,0,0,0
11:09:31.478930:0,0,0,0,0,0,0,0
11:09:32.482240:0,0,0,0,0,0,0,0
11:09:33.485564:0,0,0,0,0,0,0,0
11:09:34.493717:0,0,0,0,0,0,0,0
11:09:35.497683:0,0,0,0,0,0,0,0
11:09:36.501587:0,0,0,0,0,0,0,0
11:09:37.504973:0,0,0,0,0,0,0,0
11:09:38.508360:0,0,0,0,0,0,0,0
11:09:39.516217:0,0,0,0,0,0,0,0
11:09:40.520098:0,0,0,0,0,0,0,0
11:09:41.522773:0,0,0,0,0,0,0,0
11:09:42.526140:0,0,0,0,0,0,0,0
11:09:43.530250:0,0,0,0,0,0,0,0
11:09:44.534221:0,0,0,0,0,0,0,0
11:09:45.538203:0,0,0,0,0,0,0,0
11:09:46.542209:0,0,0,0,0,0,0,0
11:09:47.545456:0,0,0,0,0,0,0,0
11:09:48.549539:0,0,0,0,0,0,0,0
11:09:49.558397:0,0,0,0,0,0,0,0
11:09:50.561571:0,0,0,0,0,0,0,0
11:09:51.565596:0,0,0,0,0,0,0,0
11:09:52.571672:0,0,0,0,0,0,0,0
11:09:53.575825:0,0,0,0,0,0,0,0
11:09:54.585039:0,0,0,0,0,0,0,0
11:09:55.589138:0,0,0,0,0,0,0,0
11:09:56.593079:0,0,0,0,0,0,0,0
11:09:57.596991:0,0,0,0,0,0,0,0
11:09:58.600933:0,0,0,0,0,0,0,0
11:09:59.609500:0,0,0,0,0,0,0,0
11:10:00.614252:0,0,0,0,0,0,0,0
11:10:01.618173:0,0,0,0,0,0,0,0
11:10:02.622988:0,0,0,0,0,0,0,0
11:10:03.627028:0,0,0,0,0,0,0,0
11:10:04.637144:0,0,0,0,0,0,0,0
11:10:05.641256:0,0,0,0,0,0,0,0
11:10:06.645295:0,0,0,0,0,0,0,0
11:10:07.649131:0,0,0,0,0,0,0,0
11:10:08.653088:0,0,0,0,0,0,0,0
11:10:09.663544:0,0,0,0,0,0,0,0
11:10:10.667463:0,0,0,0,0,0,0,0
11:10:11.671427:0,0,0,0,0,0,0,0
11:10:12.675456:0,0,0,0,0,0,0,0
11:10:13.679472:0,0,0,0,0,0,0,0
11:10:14.688402:0,0,0,0,0,0,0,0
11:10:15.692842:0,0,0,0,0,0,0,0
11:10:16.696785:0,0,0,0,0,0,0,0
11:10:17.700693:0,0,0,0,0,0,0,0
11:10:18.704672:0,0,0,0,0,0,0,0
11:10:19.717270:0,0,0,0,0,0,0,0
11:10:20.723046:0,0,0,0,0,0,0,0
11:10:21.726927:0,0,0,0,0,0,0,0
11:10:22.730886:0,0,0,0,0,0,0,0
11:10:23.739893:0,0,0,0,0,0,0,0
11:10:24.749439:0,0,0,0,0,0,0,0
11:10:25.753012:0,0,0,0,0,0,0,0
11:10:26.757019:0,0,0,0,0,0,0,0
11:10:27.761130:0,0,0,0,0,0,0,0
11:10:28.770898:0,0,0,0,0,0,0,0
11:10:29.780502:0,0,0,0,0,0,0,0
11:10:30.784883:0,0,0,0,0,0,0,0
11:10:31.788906:0,0,0,0,0,0,0,0
11:10:32.793070:0,0,0,0,0,0,0,0
11:10:33.797038:0,0,0,0,0,0,0,0
11:10:34.804662:0,0,0,0,0,0,0,0
11:10:35.809244:0,0,0,0,0,0,0,0
11:10:36.813831:0,0,0,0,0,0,0,0
11:10:37.817723:0,0,0,0,0,0,0,0
11:10:38.821826:0,0,0,0,0,0,0,0
11:10:39.831206:0,0,0,0,0,0,0,0
11:10:40.835500:0,0,0,0,0,0,0,0
11:10:41.839413:0,0,0,0,0,0,0,0
11:10:42.843408:0,0,0,0,0,0,0,0
11:10:43.847245:0,0,0,0,0,0,0,0
11:10:44.856334:0,0,0,0,0,0,0,0
11:10:45.860653:0,0,0,0,0,0,0,0
11:10:46.864688:0,0,0,0,0,0,0,0
11:10:47.868597:0,0,0,0,0,0,0,0
11:10:48.873234:0,0,0,0,0,0,0,0
11:10:49.882827:0,0,0,0,0,0,0,0
11:10:50.886967:0,0,0,0,0,0,0,0
11:10:51.893759:0,0,0,0,0,0,0,0
11:10:52.897765:0,0,0,0,0,0,0,0
11:10:53.901877:0,0,0,0,0,0,0,0
11:10:54.910630:0,0,0,0,0,0,0,0
11:10:55.915296:0,0,0,0,0,0,0,0
11:10:56.919276:0,0,0,0,0,0,0,0
11:10:57.931316:0,0,0,0,0,0,0,0
11:10:58.935121:0,0,0,0,0,0,0,0
11:10:59.951134:0,0,0,0,0,0,0,0
11:11:00.954851:0,0,0,0,0,0,0,0
11:11:01.958065:0,0,0,0,0,0,0,0
11:11:02.960654:0,0,0,0,0,0,0,0
11:11:03.964193:0,0,0,0,0,0,0,0
11:11:04.973028:0,0,0,0,0,0,0,0
11:11:05.977628:0,0,0,0,0,0,0,0
11:11:06.985345:0,0,0,0,0,0,0,0
11:11:07.989222:0,0,0,0,0,0,0,0
11:11:08.993394:0,0,0,0,0,0,0,0
11:11:10.003261:0,0,0,0,0,0,0,0
11:11:11.006113:0,0,0,0,0,0,0,0
11:11:12.010088:0,0,0,0,0,0,0,0
11:11:13.017853:0,0,0,0,0,0,0,0
11:11:14.021213:0,0,0,0,0,0,0,0
11:11:15.035246:0,0,0,0,0,0,0,0
11:11:16.038950:0,0,0,0,0,0,0,0
11:11:17.042475:0,0,0,0,0,0,0,0
11:11:18.046568:0,0,0,0,0,0,0,0
11:11:19.050600:0,0,0,0,0,0,0,0
11:11:20.061853:0,0,0,0,0,0,0,0
11:11:21.065776:0,0,0,0,0,0,0,0
11:11:22.072583:0,0,0,0,0,0,0,0
11:11:23.075182:0,0,0,0,0,0,0,0
11:11:24.079068:0,0,0,0,0,0,0,0
11:11:25.088714:0,0,0,0,0,0,0,0
11:11:26.091305:0,0,0,0,0,0,0,0
11:11:27.093921:0,0,0,0,0,0,0,0
11:11:28.097756:0,0,0,0,0,0,0,0
11:11:29.101514:0,0,0,0,0,0,0,0
11:11:30.110529:0,0,0,0,0,0,0,0
11:11:31.114654:0,0,0,0,0,0,0,0
11:11:32.117147:0,0,0,0,0,0,0,0
11:11:33.121210:0,0,0,0,0,0,0,0
11:11:34.125152:0,0,0,0,0,0,0,0
11:11:35.132750:0,0,0,0,0,0,0,0
11:11:36.135399:0,0,0,0,0,0,0,0
11:11:37.139438:0,0,0,0,0,0,0,0
11:11:38.143510:0,0,0,0,0,0,0,0
11:11:39.147415:0,0,0,0,0,0,0,0
11:11:40.156005:0,0,0,0,0,0,0,0
11:11:41.161449:0,0,0,0,0,0,0,0
11:11:42.165358:0,0,0,0,0,0,0,0
11:11:43.169796:0,0,0,0,0,0,0,0
11:11:44.173874:0,0,0,0,0,0,0,0
11:11:45.183205:0,0,0,0,0,0,0,0
11:11:46.187096:0,0,0,0,0,0,0,0
11:11:47.191886:0,0,0,0,0,0,0,0
11:11:48.196302:0,0,0,0,0,0,0,0
11:11:49.200199:0,0,0,0,0,0,0,0
11:11:50.210452:0,0,0,0,0,0,0,0
11:11:51.215375:0,0,0,0,0,0,0,0
11:11:52.219750:0,0,0,0,0,0,0,0
11:11:53.228820:0,0,0,0,0,0,0,0
11:11:54.233060:0,0,0,0,0,0,0,0
11:11:55.241269:0,0,0,0,0,0,0,0
11:11:56.246039:0,0,0,0,0,0,0,0
11:11:57.249999:0,0,0,0,0,0,0,0
11:11:58.254196:0,0,0,0,0,0,0,0
11:11:59.257951:0,0,0,0,0,0,0,0
11:12:00.269953:0,0,0,0,0,0,0,0
11:12:01.272549:0,0,0,0,0,0,0,0
11:12:02.275788:0,0,0,0,0,0,0,0
11:12:03.278366:0,0,0,0,0,0,0,0
11:12:04.281805:0,0,0,0,0,0,0,0
11:12:05.289563:0,0,0,0,0,0,0,0
11:12:06.293143:0,0,0,0,0,0,0,0
11:12:07.296971:0,0,0,0,0,0,0,0
11:12:08.300343:0,0,0,0,0,0,0,0
11:12:09.303837:0,0,0,0,0,0,0,0
11:12:10.310826:0,0,0,0,0,0,0,0
11:12:11.314320:0,0,0,0,0,0,0,0
11:12:12.317628:0,0,0,0,0,0,0,0
11:12:13.320975:0,0,0,0,0,0,0,0
11:12:14.324390:0,0,0,0,0,0,0,0
11:12:15.332108:0,0,0,0,0,0,0,0
11:12:16.335963:0,0,0,0,0,0,0,0
11:12:17.339303:0,0,0,0,0,0,0,0
11:12:18.342777:0,0,0,0,0,0,0,0
11:12:19.346153:0,0,0,0,0,0,0,0
11:12:20.354596:0,0,0,0,0,0,0,0
11:12:21.358975:0,0,0,0,0,0,0,0
11:12:22.363793:0,0,0,0,0,0,0,0
11:12:23.368301:0,0,0,0,0,0,0,0
11:12:24.372363:0,0,0,0,0,0,0,0
11:12:25.381231:0,0,0,0,0,0,0,0
11:12:26.385635:0,0,0,0,0,0,0,0
11:12:27.391366:0,0,0,0,0,0,0,0
11:12:28.395434:0,0,0,0,0,0,0,0
11:12:29.399799:0,0,0,0,0,0,0,0
11:12:30.410603:0,0,0,0,0,0,0,0
11:12:31.414762:0,0,0,0,0,0,0,0
11:12:32.418785:0,0,0,0,0,0,0,0
11:12:33.422360:0,0,0,0,0,0,0,0
11:12:34.431319:0,0,0,0,0,0,0,0
11:12:35.437663:0,0,0,0,0,0,0,0
11:12:36.440283:0,0,0,0,0,0,0,0
11:12:37.443047:0,0,0,0,0,0,0,0
-------------------------------
Starting Logging:11:21:50.196616
Data Format...
hour:min:sec.milli:bus_current,bus_voltage,vehicle_velocity,motor_velocity,phase_a_current,phase_b_current,dc_bus_amphours,odometer
-------------------------------
11:21:52.668284:0,0,(0.0,),(0.0,),(5.131766893091016e+19,),(2.5442042350769043,),0,0
11:21:53.672175:0,0,(0.0,),(0.0,),(5.131766893091016e+19,),(2.5442042350769043,),0,0
11:21:54.676073:0,0,(0.0,),(0.0,),(5.131766893091016e+19,),(2.5442042350769043,),0,0
11:21:55.680662:0,0,(0.0,),(0.0,),(5.131766893091016e+19,),(2.5442042350769043,),0,0
11:21:56.684883:0,0,(0.0,),(0.0,),(5.131766893091016e+19,),(2.5442042350769043,),0,0
11:21:57.688873:0,0,(0.0,),(0.0,),(5.131766893091016e+19,),(2.5442042350769043,),0,0
11:21:58.692865:0,0,(0.0,),(0.0,),(5.131766893091016e+19,),(2.5442042350769043,),0,0
11:21:59.701311:0,0,(0.0,),(0.0,),(5.131766893091016e+19,),(2.5442042350769043,),0,0
11:22:00.704703:0,0,(0.0,),(0.0,),(5.131766893091016e+19,),(2.5442042350769043,),0,0
11:22:01.708708:0,0,(0.0,),(0.0,),(5.131766893091016e+19,),(2.5442042350769043,),0,0
11:22:02.715400:0,0,(0.0,),(0.0,),(5.131766893091016e+19,),(2.5442042350769043,),0,0
11:22:03.721239:0,0,(0.0,),(0.0,),(5.131766893091016e+19,),(2.5442042350769043,),0,0
11:22:04.739037:0,0,(0.0,),(0.0,),(5.131766893091016e+19,),(2.5442042350769043,),0,0
11:22:05.742990:0,0,(0.0,),(0.0,),(5.131766893091016e+19,),(2.5442042350769043,),0,0
11:22:06.747884:0,0,(0.0,),(0.0,),(5.131766893091016e+19,),(2.5442042350769043,),0,0
11:22:07.751909:0,0,(0.0,),(0.0,),(5.131766893091016e+19,),(2.5442042350769043,),0,0
11:22:08.755885:0,0,(0.0,),(0.0,),(5.131766893091016e+19,),(2.5442042350769043,),0,0
11:22:09.765918:0,0,(0.0,),(0.0,),(5.131766893091016e+19,),(2.5442042350769043,),0,0
11:22:10.769719:0,0,(0.0,),(0.0,),(5.131766893091016e+19,),(2.5442042350769043,),0,0
11:22:11.773714:0,0,(0.0,),(0.0,),(5.131766893091016e+19,),(2.5442042350769043,),0,0
11:22:12.777635:0,0,(0.0,),(0.0,),(5.131766893091016e+19,),(2.5442042350769043,),0,0
11:22:13.781994:0,0,(0.0,),(0.0,),(5.131766893091016e+19,),(2.5442042350769043,),0,0
11:22:14.792618:0,0,(0.0,),(0.0,),(5.131766893091016e+19,),(2.5442042350769043,),0,0
11:22:15.796425:0,0,(0.0,),(0.0,),(5.131766893091016e+19,),(2.5442042350769043,),0,0
11:22:16.800179:0,0,(0.0,),(0.0,),(5.131766893091016e+19,),(2.5442042350769043,),0,0
11:22:17.804183:0,0,(0.0,),(0.0,),(5.131766893091016e+19,),(2.5442042350769043,),0,0
11:22:18.807955:0,0,(0.0,),(0.0,),(5.131766893091016e+19,),(2.5442042350769043,),0,0
11:22:19.820088:0,0,(0.0,),(0.0,),(5.131766893091016e+19,),(2.5442042350769043,),0,0
11:22:20.825730:0,0,(0.0,),(0.0,),(5.131766893091016e+19,),(2.5442042350769043,),0,0
11:22:21.830518:0,0,(0.0,),(0.0,),(5.131766893091016e+19,),(2.5442042350769043,),0,0
11:22:22.835689:0,0,(0.0,),(0.0,),(5.131766893091016e+19,),(2.5442042350769043,),0,0
11:22:23.840045:0,0,(0.0,),(0.0,),(5.131766893091016e+19,),(2.5442042350769043,),0,0
11:22:24.856198:0,0,(0.0,),(0.0,),(5.131766893091016e+19,),(2.5442042350769043,),0,0
11:22:25.860741:0,0,(0.0,),(0.0,),(5.131766893091016e+19,),(2.5442042350769043,),0,0
11:22:26.865339:0,0,(0.0,),(0.0,),(5.131766893091016e+19,),(2.5442042350769043,),0,0
11:22:27.869796:0,0,(0.0,),(0.0,),(5.131766893091016e+19,),(2.5442042350769043,),0,0
11:22:28.876079:0,0,(0.0,),(0.0,),(5.131766893091016e+19,),(2.5442042350769043,),0,0
11:22:29.887447:0,0,(0.0,),(0.0,),(5.131766893091016e+19,),(2.5442042350769043,),0,0
11:22:30.890500:0,0,(0.0,),(0.0,),(5.131766893091016e+19,),(2.5442042350769043,),0,0
11:22:31.894955:0,0,(0.0,),(0.0,),(5.131766893091016e+19,),(2.5442042350769043,),0,0
11:22:32.899538:0,0,(0.0,),(0.0,),(5.131766893091016e+19,),(2.5442042350769043,),0,0
11:22:33.902732:0,0,(0.0,),(0.0,),(5.131766893091016e+19,),(2.5442042350769043,),0,0
11:22:34.911739:0,0,(0.0,),(0.0,),(5.131766893091016e+19,),(2.5442042350769043,),0,0
11:22:35.915895:0,0,(0.0,),(0.0,),(5.131766893091016e+19,),(2.5442042350769043,),0,0
11:22:36.919005:0,0,(0.0,),(0.0,),(5.131766893091016e+19,),(2.5442042350769043,),0,0
11:22:37.923403:0,0,(0.0,),(0.0,),(5.131766893091016e+19,),(2.5442042350769043,),0,0
11:22:38.927202:0,0,(0.0,),(0.0,),(5.131766893091016e+19,),(2.5442042350769043,),0,0
11:22:39.938492:0,0,(0.0,),(0.0,),(5.131766893091016e+19,),(2.5442042350769043,),0,0
11:22:40.942222:0,0,(0.0,),(0.0,),(5.131766893091016e+19,),(2.5442042350769043,),0,0
11:22:41.946123:0,0,(0.0,),(0.0,),(5.131766893091016e+19,),(2.5442042350769043,),0,0
11:22:42.949936:0,0,(0.0,),(0.0,),(5.131766893091016e+19,),(2.5442042350769043,),0,0
11:22:43.953806:0,0,(0.0,),(0.0,),(5.131766893091016e+19,),(2.5442042350769043,),0,0
11:22:44.962972:0,0,(0.0,),(0.0,),(5.131766893091016e+19,),(2.5442042350769043,),0,0
11:22:45.965973:0,0,(0.0,),(0.0,),(5.131766893091016e+19,),(2.5442042350769043,),0,0
11:22:46.969094:0,0,(0.0,),(0.0,),(5.131766893091016e+19,),(2.5442042350769043,),0,0
11:22:47.973094:0,0,(0.0,),(0.0,),(5.131766893091016e+19,),(2.5442042350769043,),0,0
11:22:48.976824:0,0,(0.0,),(0.0,),(5.131766893091016e+19,),(2.5442042350769043,),0,0
11:22:49.986165:0,0,(0.0,),(0.0,),(5.131766893091016e+19,),(2.5442042350769043,),0,0
11:22:50.989250:0,0,(0.0,),(0.0,),(5.131766893091016e+19,),(2.5442042350769043,),0,0
11:22:51.993350:0,0,(0.0,),(0.0,),(5.131766893091016e+19,),(2.5442042350769043,),0,0
11:22:52.996363:0,0,(0.0,),(0.0,),(5.131766893091016e+19,),(2.5442042350769043,),0,0
11:22:53.999384:0,0,(0.0,),(0.0,),(5.131766893091016e+19,),(2.5442042350769043,),0,0
11:22:55.007640:0,0,(0.0,),(0.0,),(5.131766893091016e+19,),(2.5442042350769043,),0,0
11:22:56.011573:0,0,(0.0,),(0.0,),(5.131766893091016e+19,),(2.5442042350769043,),0,0
11:22:57.016094:0,0,(0.0,),(0.0,),(5.131766893091016e+19,),(2.5442042350769043,),0,0
11:22:58.021035:0,0,(0.0,),(0.0,),(5.131766893091016e+19,),(2.5442042350769043,),0,0
11:22:59.026080:0,0,(0.0,),(0.0,),(5.131766893091016e+19,),(2.5442042350769043,),0,0
11:23:00.042068:0,0,(0.0,),(0.0,),(5.131766893091016e+19,),(2.5442042350769043,),0,0
11:23:01.048516:0,0,(0.0,),(0.0,),(5.131766893091016e+19,),(2.5442042350769043,),0,0
11:23:02.051353:0,0,(0.0,),(0.0,),(5.131766893091016e+19,),(2.5442042350769043,),0,0
11:23:03.055812:0,0,(0.0,),(0.0,),(5.131766893091016e+19,),(2.5442042350769043,),0,0
11:23:04.060395:0,0,(0.0,),(0.0,),(5.131766893091016e+19,),(2.5442042350769043,),0,0
11:23:05.071838:0,0,(0.0,),(0.0,),(5.131766893091016e+19,),(2.5442042350769043,),0,0
11:23:06.074983:0,0,(0.0,),(0.0,),(5.131766893091016e+19,),(2.5442042350769043,),0,0
11:23:07.079282:0,0,(0.0,),(0.0,),(5.131766893091016e+19,),(2.5442042350769043,),0,0
11:23:08.084262:0,0,(0.0,),(0.0,),(5.131766893091016e+19,),(2.5442042350769043,),0,0
11:23:09.087547:0,0,(0.0,),(0.0,),(5.131766893091016e+19,),(2.5442042350769043,),0,0
11:23:10.096807:0,0,(0.0,),(0.0,),(5.131766893091016e+19,),(2.5442042350769043,),0,0
11:23:11.101681:0,0,(0.0,),(0.0,),(5.131766893091016e+19,),(2.5442042350769043,),0,0
11:23:12.104672:0,0,(0.0,),(0.0,),(5.131766893091016e+19,),(2.5442042350769043,),0,0
11:23:13.109486:0,0,(0.0,),(0.0,),(5.131766893091016e+19,),(2.5442042350769043,),0,0
11:23:14.114871:0,0,(0.0,),(0.0,),(5.131766893091016e+19,),(2.5442042350769043,),0,0
11:23:15.121252:0,0,(0.0,),(0.0,),(5.131766893091016e+19,),(2.5442042350769043,),0,0
11:23:16.126471:0,0,(0.0,),(0.0,),(5.131766893091016e+19,),(2.5442042350769043,),0,0
11:23:17.131257:0,0,(0.0,),(0.0,),(5.131766893091016e+19,),(2.5442042350769043,),0,0
11:23:18.134258:0,0,(0.0,),(0.0,),(5.131766893091016e+19,),(2.5442042350769043,),0,0
11:23:19.138731:0,0,(0.0,),(0.0,),(5.131766893091016e+19,),(2.5442042350769043,),0,0
11:23:20.149088:0,0,(0.0,),(0.0,),(5.131766893091016e+19,),(2.5442042350769043,),0,0
11:23:21.158345:0,0,(0.0,),(0.0,),(5.131766893091016e+19,),(2.5442042350769043,),0,0
11:23:22.161308:0,0,(0.0,),(0.0,),(5.131766893091016e+19,),(2.5442042350769043,),0,0
11:23:23.165085:0,0,(0.0,),(0.0,),(5.131766893091016e+19,),(2.5442042350769043,),0,0
11:23:24.169468:0,0,(0.0,),(0.0,),(5.131766893091016e+19,),(2.5442042350769043,),0,0
11:23:25.177776:0,0,(0.0,),(0.0,),(5.131766893091016e+19,),(2.5442042350769043,),0,0
11:23:26.180447:0,0,(0.0,),(0.0,),(5.131766893091016e+19,),(2.5442042350769043,),0,0
11:23:27.185147:0,0,(0.0,),(0.0,),(5.131766893091016e+19,),(2.5442042350769043,),0,0
11:23:28.188991:0,0,(0.0,),(0.0,),(5.131766893091016e+19,),(2.5442042350769043,),0,0
11:23:29.193130:0,0,(0.0,),(0.0,),(5.131766893091016e+19,),(2.5442042350769043,),0,0
11:23:30.202180:0,0,(0.0,),(0.0,),(5.131766893091016e+19,),(2.5442042350769043,),0,0
11:23:31.205843:0,0,(0.0,),(0.0,),(5.131766893091016e+19,),(2.5442042350769043,),0,0
11:23:32.209255:0,0,(0.0,),(0.0,),(5.131766893091016e+19,),(2.5442042350769043,),0,0
11:23:33.215403:0,0,(0.0,),(0.0,),(5.131766893091016e+19,),(2.5442042350769043,),0,0
11:23:34.219955:0,0,(0.0,),(0.0,),(5.131766893091016e+19,),(2.5442042350769043,),0,0
11:23:35.230923:0,0,(0.0,),(0.0,),(5.131766893091016e+19,),(2.5442042350769043,),0,0
11:23:36.239789:0,0,(0.0,),(0.0,),(5.131766893091016e+19,),(2.5442042350769043,),0,0
11:23:37.244437:0,0,(0.0,),(0.0,),(5.131766893091016e+19,),(2.5442042350769043,),0,0
11:23:38.248233:0,0,(0.0,),(0.0,),(5.131766893091016e+19,),(2.5442042350769043,),0,0
11:23:39.252790:0,0,(0.0,),(0.0,),(5.131766893091016e+19,),(2.5442042350769043,),0,0
11:23:40.264657:0,0,(0.0,),(0.0,),(5.131766893091016e+19,),(2.5442042350769043,),0,0
11:23:41.269000:0,0,(0.0,),(0.0,),(5.131766893091016e+19,),(2.5442042350769043,),0,0
11:23:42.282535:0,0,(0.0,),(0.0,),(5.131766893091016e+19,),(2.5442042350769043,),0,0
11:23:43.286584:0,0,(0.0,),(0.0,),(5.131766893091016e+19,),(2.5442042350769043,),0,0
11:23:44.290326:0,0,(0.0,),(0.0,),(5.131766893091016e+19,),(2.5442042350769043,),0,0
11:23:45.300272:0,0,(0.0,),(0.0,),(5.131766893091016e+19,),(2.5442042350769043,),0,0
11:23:46.311431:0,0,(0.0,),(0.0,),(5.131766893091016e+19,),(2.5442042350769043,),0,0
11:23:47.315629:0,0,(0.0,),(0.0,),(5.131766893091016e+19,),(2.5442042350769043,),0,0
11:23:48.320153:0,0,(0.0,),(0.0,),(5.131766893091016e+19,),(2.5442042350769043,),0,0
11:23:49.324514:0,0,(0.0,),(0.0,),(5.131766893091016e+19,),(2.5442042350769043,),0,0
11:23:50.334330:0,0,(0.0,),(0.0,),(5.131766893091016e+19,),(2.5442042350769043,),0,0
11:23:51.338697:0,0,(0.0,),(0.0,),(5.131766893091016e+19,),(2.5442042350769043,),0,0
11:23:52.342465:0,0,(0.0,),(0.0,),(5.131766893091016e+19,),(2.5442042350769043,),0,0
11:23:53.346811:0,0,(0.0,),(0.0,),(5.131766893091016e+19,),(2.5442042350769043,),0,0
11:23:54.352869:0,0,(0.0,),(0.0,),(5.131766893091016e+19,),(2.5442042350769043,),0,0
11:23:55.365875:0,0,(0.0,),(0.0,),(5.131766893091016e+19,),(2.5442042350769043,),0,0
11:23:56.369945:0,0,(0.0,),(0.0,),(5.131766893091016e+19,),(2.5442042350769043,),0,0
11:23:57.374612:0,0,(0.0,),(0.0,),(5.131766893091016e+19,),(2.5442042350769043,),0,0
11:23:58.378453:0,0,(0.0,),(0.0,),(5.131766893091016e+19,),(2.5442042350769043,),0,0
11:23:59.382178:0,0,(0.0,),(0.0,),(5.131766893091016e+19,),(2.5442042350769043,),0,0
11:24:00.390919:0,0,(0.0,),(0.0,),(5.131766893091016e+19,),(2.5442042350769043,),0,0
11:24:01.395827:0,0,(0.0,),(0.0,),(5.131766893091016e+19,),(2.5442042350769043,),0,0
11:24:02.399503:0,0,(0.0,),(0.0,),(5.131766893091016e+19,),(2.5442042350769043,),0,0
11:24:03.403496:0,0,(0.0,),(0.0,),(5.131766893091016e+19,),(2.5442042350769043,),0,0
11:24:04.407923:0,0,(0.0,),(0.0,),(5.131766893091016e+19,),(2.5442042350769043,),0,0
11:24:05.416801:0,0,(0.0,),(0.0,),(5.131766893091016e+19,),(2.5442042350769043,),0,0
11:24:06.420609:0,0,(0.0,),(0.0,),(5.131766893091016e+19,),(2.5442042350769043,),0,0
11:24:07.432680:0,0,(0.0,),(0.0,),(5.131766893091016e+19,),(2.5442042350769043,),0,0
11:24:08.438181:0,0,(0.0,),(0.0,),(5.131766893091016e+19,),(2.5442042350769043,),0,0
11:24:09.441310:0,0,(0.0,),(0.0,),(5.131766893091016e+19,),(2.5442042350769043,),0,0
-------------------------------
Starting Logging:11:24:12.596888
Data Format...
hour:min:sec.milli:bus_current,bus_voltage,vehicle_velocity,motor_velocity,phase_a_current,phase_b_current,dc_bus_amphours,odometer
-------------------------------
11:24:14.061571:0,0,0,0,0,0,0,0
11:24:15.065501:0,0,0,0,0,0,0,0
11:24:16.072396:0,0,0,0,0,0,0,0
11:24:17.075548:0,0,0,0,0,0,0,0
11:24:18.079674:0,0,0,0,0,0,0,0
11:24:19.083523:0,0,0,0,0,0,0,0
11:24:20.087560:0,0,0,0,0,0,0,0
11:24:21.091647:0,0,0,0,0,0,0,0
11:24:22.095717:0,0,0,0,0,0,0,0
11:24:23.104712:0,0,0,0,0,0,0,0
11:24:24.109175:0,0,0,0,0,0,0,0
11:24:25.112570:0,0,0,0,0,0,0,0
11:24:26.116677:0,0,0,0,0,0,0,0
11:24:27.120679:0,0,0,0,0,0,0,0
11:24:28.128750:0,0,0,0,0,0,0,0
11:24:29.133445:0,0,0,0,0,0,0,0
11:24:30.138166:0,0,0,0,0,0,0,0
11:24:31.141282:0,0,0,0,0,0,0,0
11:24:32.154250:0,0,0,0,0,0,0,0
11:24:33.163133:0,0,0,0,0,0,0,0
11:24:34.166468:0,0,0,0,0,0,0,0
11:24:35.169747:0,0,0,0,0,0,0,0
11:24:36.172559:0,0,0,0,0,0,0,0
11:24:37.175832:0,0,0,0,0,0,0,0
11:24:38.185373:0,0,0,0,0,0,0,0
11:24:39.187970:0,0,0,0,0,0,0,0
11:24:40.190615:0,0,0,0,0,0,0,0
11:24:41.194817:0,0,0,0,0,0,0,0
11:24:42.198744:0,0,0,0,0,0,0,0
-------------------------------
Starting Logging:11:25:53.071021
Data Format...
hour:min:sec.milli:bus_current,bus_voltage,vehicle_velocity,motor_velocity,phase_a_current,phase_b_current,dc_bus_amphours,odometer
-------------------------------
11:25:54.610206:0,0,0,0,0,0,0,0
11:25:55.615023:0,0,0,0,0,0,0,0
11:25:56.618922:0,0,0,0,0,0,0,0
11:25:57.623181:0,0,0,0,0,0,0,0
11:25:58.627124:0,0,0,0,0,0,0,0
11:25:59.631194:0,0,0,0,0,0,0,0
-------------------------------
Starting Logging:11:29:12.690946
Data Format...
hour:min:sec.milli:bus_current,bus_voltage,vehicle_velocity,motor_velocity,phase_a_current,phase_b_current,dc_bus_amphours,odometer
-------------------------------
11:29:15.387372:(0.5556941032409668,),b'\x00\x00\x00\x00',(0.0,),b'\x00\x00\x00\x00',(0.49796104431152344,),b'\x00F\xb4>',(0.0277786236256361,),b'\x00\x00\x00\x00'
11:29:16.393003:(0.5478739738464355,),b'\x00\x00\x00\x00',(0.0,),b'\x00\x00\x00\x00',(0.5859375,),b'\xa04\xad>',(0.0277786236256361,),b'\x00\x00\x00\x00'
11:29:17.398537:(0.5586624145507812,),b'\x00\x00\x00\x00',(0.0,),b'\x00\x00\x00\x00',(0.5524158477783203,),b'\x00\x00H>',(0.0277786236256361,),b'\x00\x00\x00\x00'
11:29:18.403277:(0.5562901496887207,),b'\x00\x00\x00\x00',(0.0,),b'\x00\x00\x00\x00',(0.5348920822143555,),b'@\xf2t>',(0.0277786236256361,),b'\x00\x00\x00\x00'
11:29:19.410395:(0.5562901496887207,),b'\x00\x00\x00\x00',(0.0,),b'\x00\x00\x00\x00',(0.5348920822143555,),b'@\xf2t>',(0.0277786236256361,),b'\x00\x00\x00\x00'
11:29:20.427509:(0.579679012298584,),b'\x00\x00\x00\x00',(0.0,),b'\x00\x00\x00\x00',(0.5437374114990234,),b'\xc0\x15\xbb>',(0.0277786236256361,),b'\x00\x00\x00\x00'
11:29:21.437656:(0.5588173866271973,),b'\x00\x00\x00\x00',(0.0,),b'\x00\x00\x00\x00',(0.6019830703735352,),b' \xd5\xa5>',(0.0277786236256361,),b'\x00\x00\x00\x00'
11:29:22.440834:(0.5372285842895508,),b'\x00\x00\x00\x00',(0.0,),b'\x00\x00\x00\x00',(0.5609989166259766,),b'\xa04\xad>',(0.0277786236256361,),b'\x00\x00\x00\x00'
11:29:23.452554:(0.5601644515991211,),b'\x00\x00\x00\x00',(0.0,),b'\x00\x00\x00\x00',(0.5694389343261719,),b'\xc0\x15\xbb>',(0.0277786236256361,),b'\x00\x00\x00\x00'
11:29:24.456588:(0.5601644515991211,),b'\x00\x00\x00\x00',(0.0,),b'\x00\x00\x00\x00',(0.6328821182250977,),b'\x00\x00\x96>',(0.0277786236256361,),b'\x00\x00\x00\x00'
11:29:25.460767:(0.5631446838378906,),b'\x00\x00\x00\x00',(0.0,),b'\x00\x00\x00\x00',(0.6098747253417969,),b' \x1e\x9e>',(0.0277786236256361,),b'\x00\x00\x00\x00'
11:29:26.466126:(0.561821460723877,),b'\x00\x00\x00\x00',(0.0,),b'\x00\x00\x00\x00',(0.49796104431152344,),b"\x00'\xce>",(0.0277786236256361,),b'\x00\x00\x00\x00'
11:29:27.469993:(0.525212287902832,),b'\x00\x00\x00\x00',(0.0,),b'\x00\x00\x00\x00',(0.5259037017822266,),b'@"\xd4>',(0.0277786236256361,),b'\x00\x00\x00\x00'
11:29:28.474221:(0.5408406257629395,),b'\x00\x00\x00\x00',(0.0,),b'\x00\x00\x00\x00',(0.594019889831543,),b' k\x8d>',(0.0277786236256361,),b'\x00\x00\x00\x00'
11:29:29.483347:(0.5348801612854004,),b'\x00\x00\x00\x00',(0.0,),b'\x00\x00\x00\x00',(0.49796104431152344,),b' \xd5\xa5>',(0.0277786236256361,),b'\x00\x00\x00\x00'
11:29:30.488069:(0.5461931228637695,),b'\x00\x00\x00\x00',(0.0,),b'\x00\x00\x00\x00',(0.5167484283447266,),b"\x00'\xce>",(0.0277786236256361,),b'\x00\x00\x00\x00'
11:29:31.491278:(0.5647420883178711,),b'\x00\x00\x00\x00',(0.0,),b'\x00\x00\x00\x00',(0.4683494567871094,),b'@\xf2t>',(0.0277786236256361,),b'\x00\x00\x00\x00'
11:29:32.497503:(0.550532341003418,),b'\x00\x00\x00\x00',(0.0,),b'\x00\x00\x00\x00',(0.6019830703735352,),b' k\x8d>',(0.0277786236256361,),b'\x00\x00\x00\x00'
11:29:33.500594:(0.5485177040100098,),b'\x00\x00\x00\x00',(0.0,),b'\x00\x00\x00\x00',(0.40264129638671875,),b'@\xf2t>',(0.0277786236256361,),b'\x00\x00\x00\x00'
11:29:34.506233:(0.5636215209960938,),b'\x00\x00\x00\x00',(0.0,),b'\x00\x00\x00\x00',(0.5524158477783203,),b"\x00'\xce>",(0.0277786236256361,),b'\x00\x00\x00\x00'
11:29:35.509395:(0.5618572235107422,),b'\x00\x00\x00\x00',(0.0,),b'\x00\x00\x00\x00',(0.5074262619018555,),b' \xd5\xa5>',(0.0277786236256361,),b'\x00\x00\x00\x00'
11:29:36.513380:(0.5415558815002441,),b'\x00\x00\x00\x00',(0.0,),b'\x00\x00\x00\x00',(0.6623268127441406,),b'\x00\x00\x96>',(0.0277786236256361,),b'\x00\x00\x00\x00'
11:29:37.517282:(0.548863410949707,),b'\x00\x00\x00\x00',(0.0,),b'\x00\x00\x00\x00',(0.4784107208251953,),b' \xd5\xa5>',(0.0277786236256361,),b'\x00\x00\x00\x00'
-------------------------------
Starting Logging:11:30:50.410050
Data Format...
hour:min:sec.milli:bus_current,bus_voltage,vehicle_velocity,motor_velocity,phase_a_current,phase_b_current,dc_bus_amphours,odometer
-------------------------------
11:30:52.949610:(0.5825400352478027,),(0.0,),(0.0,),(0.0,),(0.5437374114990234,),(0.2583742141723633,),(0.0277786236256361,),(0.0,)
11:30:53.953945:(0.5625247955322266,),(0.0,),(0.0,),(0.0,),(0.5609989166259766,),(0.27620792388916016,),(0.0277786236256361,),(0.0,)
11:30:54.958087:(0.5873441696166992,),(0.0,),(0.0,),(0.0,),(0.4580497741699219,),(0.2583742141723633,),(0.0277786236256361,),(0.0,)
11:30:55.963279:(0.5832791328430176,),(0.0,),(0.0,),(0.0,),(0.5609989166259766,),(0.33829212188720703,),(0.0277786236256361,),(0.0,)
11:30:56.968815:(0.5952239036560059,),(0.0,),(0.0,),(0.0,),(0.5694389343261719,),(0.1953125,),(0.0277786236256361,),(0.0,)
11:30:57.973506:(0.5633354187011719,),(0.0,),(0.0,),(0.0,),(0.5348920822143555,),(0.32389163970947266,),(0.0277786236256361,),(0.0,)
11:30:58.977627:(0.567924976348877,),(0.0,),(0.0,),(0.0,),(0.5437374114990234,),(0.3088235855102539,),(0.0277786236256361,),(0.0,)
11:30:59.982723:(0.5692124366760254,),(0.0,),(0.0,),(0.0,),(0.4683494567871094,),(0.3520965576171875,),(0.0277786236256361,),(0.0,)
-------------------------------
Starting Logging:11:35:23.115312
Data Format...
hour:min:sec.milli:bus_current,bus_voltage,vehicle_velocity,motor_velocity,phase_a_current,phase_b_current,dc_bus_amphours,odometer
-------------------------------
11:35:24.565495:(0.5624532699584961,),(0.0,),0,0,0,0,0,0
11:35:25.569739:(0.5545854568481445,),(0.0,),(0.0,),(0.0,),(0.49796104431152344,),(0.37822723388671875,),0,0
11:35:26.573824:(0.5572199821472168,),(0.0,),(0.0,),(0.0,),(0.4784107208251953,),(0.27620792388916016,),0,0
11:35:27.578479:(0.5782246589660645,),(0.0,),(0.0,),(0.0,),(0.4683494567871094,),(0.29296875,),0,0
-------------------------------
Starting Logging:11:38:27.255991
Data Format...
hour:min:sec.milli:bus_current,bus_voltage,vehicle_velocity,motor_velocity,phase_a_current,phase_b_current,dc_bus_amphours,odometer
-------------------------------
11:38:29.792904:0,0,0,0,0,0,0,0
11:38:30.797071:0,0,0,0,0,0,0,0
11:38:31.801583:0,0,0,0,0,0,0,0
11:38:32.805591:0,0,0,0,0,0,0,0
11:38:33.808953:0,0,0,0,0,0,0,0
11:38:34.812499:0,0,0,0,0,0,0,0
11:38:35.816957:0,0,0,0,0,0,0,0
-------------------------------
Starting Logging:11:39:53.402111
Data Format...
hour:min:sec.milli:bus_current,bus_voltage,vehicle_velocity,motor_velocity,phase_a_current,phase_b_current,dc_bus_amphours,odometer
-------------------------------
11:39:54.892809:0,0,(0.0,),(0.0,),0,0,(0.0277786236256361,),(0.0,)
11:39:55.897156:0,0,(0.0,),(0.0,),0,0,(0.0277786236256361,),(0.0,)
11:39:56.901513:0,0,(0.0,),(0.0,),0,0,(0.0277786236256361,),(0.0,)
11:39:57.905815:0,0,(0.0,),(0.0,),0,0,(0.0277786236256361,),(0.0,)
11:39:58.910405:0,0,(0.0,),(0.0,),0,0,(0.0277786236256361,),(0.0,)
11:39:59.915454:0,0,(0.0,),(0.0,),0,0,(0.0277786236256361,),(0.0,)
11:40:00.919792:0,0,(0.0,),(0.0,),0,0,(0.0277786236256361,),(0.0,)
11:40:01.929726:0,0,(0.0,),(0.0,),0,0,(0.0277786236256361,),(0.0,)
11:40:02.933606:0,0,(0.0,),(0.0,),0,0,(0.0277786236256361,),(0.0,)
11:40:03.941614:0,0,(0.0,),(0.0,),0,0,(0.0277786236256361,),(0.0,)
-------------------------------
Starting Logging:11:40:07.580109
Data Format...
hour:min:sec.milli:bus_current,bus_voltage,vehicle_velocity,motor_velocity,phase_a_current,phase_b_current,dc_bus_amphours,odometer
-------------------------------
11:40:09.057630:0,0,0,0,0,0,0,0
11:40:10.061675:0,0,0,0,0,0,0,0
11:40:11.065683:0,0,0,0,0,0,0,0
11:40:12.069614:0,0,0,0,0,0,0,0
11:40:13.073795:0,0,0,0,0,0,0,0
11:40:14.085279:0,0,0,0,0,0,0,0
11:40:15.088609:0,0,0,0,0,0,0,0
11:40:16.092908:0,0,0,0,0,0,0,0
11:40:17.096931:0,0,0,0,0,0,0,0
11:40:18.100846:0,0,0,0,0,0,0,0
-------------------------------
Starting Logging:11:40:21.885380
Data Format...
hour:min:sec.milli:bus_current,bus_voltage,vehicle_velocity,motor_velocity,phase_a_current,phase_b_current,dc_bus_amphours,odometer
-------------------------------
11:40:23.417968:0,0,0,0,0,0,0,0
11:40:24.435386:0,0,0,0,0,0,0,0
11:40:25.438660:0,0,0,0,0,0,0,0
11:40:26.442031:0,0,0,0,0,0,0,0
11:40:27.445406:0,0,0,0,0,0,0,0
11:40:28.448816:0,0,0,0,0,0,0,0
11:40:29.457048:0,0,0,0,0,0,0,0
11:40:30.461269:0,0,0,0,0,0,0,0
11:40:31.465274:0,0,0,0,0,0,0,0
11:40:32.469166:0,0,0,0,0,0,0,0
11:40:33.473149:0,0,0,0,0,0,0,0
11:40:34.486766:0,0,0,0,0,0,0,0
11:40:35.494740:0,0,0,0,0,0,0,0
11:40:36.502792:0,0,0,0,0,0,0,0
11:40:37.510859:0,0,0,0,0,0,0,0
-------------------------------
Starting Logging:11:41:57.742570
Data Format...
hour:min:sec.milli:bus_current,bus_voltage,vehicle_velocity,motor_velocity,phase_a_current,phase_b_current,dc_bus_amphours,odometer
-------------------------------
11:41:59.219860:0,0,0,0,0,0,0,0
11:42:00.224014:0,0,0,0,0,0,0,0
11:42:01.228015:0,0,0,0,0,0,0,0
11:42:02.231343:0,0,0,0,0,0,0,0
11:42:03.236772:0,0,0,0,0,0,0,0
-------------------------------
Starting Logging:11:42:28.332827
Data Format...
hour:min:sec.milli:bus_current,bus_voltage,vehicle_velocity,motor_velocity,phase_a_current,phase_b_current,dc_bus_amphours,odometer
-------------------------------
11:42:29.819469:0,0,0,0,0,0,0,0
11:42:31.828203:0,0,0,0,0,0,0,0
11:42:33.847796:0,0,0,0,0,0,0,0
11:42:35.857618:0,0,0,0,0,0,0,0
11:42:37.870930:0,0,0,0,0,0,0,0
11:42:40.887517:0,0,0,0,0,0,0,0
11:42:42.897784:0,0,0,0,0,0,0,0
-------------------------------
Starting Logging:11:45:13.616366
Data Format...
hour:min:sec.milli:bus_current,bus_voltage,vehicle_velocity,motor_velocity,phase_a_current,phase_b_current,dc_bus_amphours,odometer
-------------------------------
11:45:16.045202:(0.4916667938232422,),(0.0,),(0.0,),(0.0,),(0.5348920822143555,),(0.32389163970947266,),0,0
11:45:17.050453:(0.5104303359985352,),(0.0,),(0.0,),(0.0,),(0.5694389343261719,),(0.40264129638671875,),(0.0277786236256361,),(0.0,)
11:45:18.055266:(0.5074262619018555,),(0.0,),(0.0,),(0.0,),(0.5777359008789062,),(0.32389163970947266,),(0.0277786236256361,),(0.0,)
11:45:19.058752:(0.5260825157165527,),(0.0,),(0.0,),(0.0,),(0.6176233291625977,),(0.37822723388671875,),(0.0277786236256361,),(0.0,)
11:45:20.064047:(0.5370855331420898,),(0.0,),(0.0,),(0.0,),(0.48828125,),(0.3088235855102539,),(0.0277786236256361,),(0.0,)
11:45:21.068254:(0.5267620086669922,),(0.0,),(0.0,),(0.0,),(0.5694389343261719,),(0.3654003143310547,),(0.0277786236256361,),(0.0,)
11:45:22.072621:(0.5182981491088867,),(0.0,),(0.0,),(0.0,),(0.5694389343261719,),(0.3654003143310547,),(0.0277786236256361,),(0.0,)
11:45:23.077467:(0.5180120468139648,),(0.0,),(0.0,),(0.0,),(0.5074262619018555,),(0.390625,),(0.0277786236256361,),(0.0,)
-------------------------------
Starting Logging:12:00:41.277224
Data Format...
hour:min:sec.milli:bus_current,bus_voltage,vehicle_velocity,motor_velocity,phase_a_current,phase_b_current,dc_bus_amphours,odometer
-------------------------------
12:00:43.730852:(132.66015625,),(0.0,),(0.0,),(0.0,),(0.5609989166259766,),(0.40264129638671875,),(0.0277786236256361,),(0.0,)
12:00:44.735196:(132.64266967773438,),(0.0,),(0.0,),(0.0,),(0.4580497741699219,),(0.29296875,),(0.0277786236256361,),(0.0,)
12:00:45.749095:(132.6695556640625,),(0.0,),(0.0,),(0.0,),(0.5524158477783203,),(0.3088235855102539,),(0.0277786236256361,),(0.0,)
12:00:46.754011:(132.66629028320312,),(0.0,),(0.0,),(0.0,),(0.6098747253417969,),(0.3654003143310547,),(0.0277786236256361,),(0.0,)
12:00:47.758833:(132.6696319580078,),(0.0,),(0.0,),(0.0,),(0.5074262619018555,),(0.37822723388671875,),(0.0277786236256361,),(0.0,)
12:00:48.765810:(132.66526794433594,),(0.0,),(0.0,),(0.0,),(0.5694389343261719,),(0.23920536041259766,),(0.0277786236256361,),(0.0,)
12:00:49.769922:(132.66526794433594,),(0.0,),(0.0,),(0.0,),(0.6019830703735352,),(0.37822723388671875,),(0.0277786236256361,),(0.0,)
12:00:50.781986:(132.66070556640625,),(0.0,),(0.0,),(0.0,),(0.5167484283447266,),(0.27620792388916016,),(0.0277786236256361,),(0.0,)
12:00:51.786639:(132.6715850830078,),(0.0,),(0.0,),(0.0,),(0.5859375,),(0.27620792388916016,),(0.0277786236256361,),(0.0,)
12:00:52.791370:(132.67156982421875,),(0.0,),(0.0,),(0.0,),(0.6098747253417969,),(0.390625,),(0.0277786236256361,),(0.0,)
12:00:53.796234:(132.6881866455078,),(0.0,),(0.0,),(0.0,),(0.5609989166259766,),(0.27620792388916016,),(0.0277786236256361,),(0.0,)
12:00:54.801257:(132.66555786132812,),(0.0,),(0.0,),(0.0,),(0.594019889831543,),(0.37822723388671875,),(0.0277786236256361,),(0.0,)
12:00:55.828789:(132.6745147705078,),(0.0,),(0.0,),(0.0,),(0.5694389343261719,),(0.3654003143310547,),(0.0277786236256361,),(0.0,)
12:00:56.838779:(132.6745147705078,),(0.0,),(0.0,),(0.0,),(0.5694389343261719,),(0.3654003143310547,),(0.0277786236256361,),(0.0,)
12:00:57.843539:(132.66246032714844,),(0.0,),(0.0,),(0.0,),(0.5259037017822266,),(0.390625,),(0.0277786236256361,),(0.0,)
12:00:58.847509:(132.67242431640625,),(0.0,),(0.0,),(0.0,),(0.6019830703735352,),(0.3654003143310547,),(0.0277786236256361,),(0.0,)
12:00:59.852441:(132.6674041748047,),(0.0,),(0.0,),(0.0,),(0.594019889831543,),(0.33829212188720703,),(0.0277786236256361,),(0.0,)
12:01:00.863149:(132.67327880859375,),(0.0,),(0.0,),(0.0,),(0.4580497741699219,),(0.390625,),(0.0277786236256361,),(0.0,)
12:01:01.868245:(132.68161010742188,),(0.0,),(0.0,),(0.0,),(0.5167484283447266,),(0.4143238067626953,),(0.0277786236256361,),(0.0,)
12:01:03.876039:(132.673828125,),(0.0,),(0.0,),(0.0,),(0.48828125,),(0.29296875,),(0.0277786236256361,),(0.0,)
12:01:04.880090:(132.67117309570312,),(0.0,),(0.0,),(0.0,),(0.5167484283447266,),(0.37822723388671875,),(0.0277786236256361,),(0.0,)
12:01:05.894085:(132.6761016845703,),(0.0,),(0.0,),(0.0,),(0.5259037017822266,),(0.37822723388671875,),(0.0277786236256361,),(0.0,)
12:01:06.898774:(132.68116760253906,),(0.0,),(0.0,),(0.0,),(0.5609989166259766,),(0.23920536041259766,),(0.0277786236256361,),(0.0,)
12:01:07.903059:(132.6742706298828,),(0.0,),(0.0,),(0.0,),(0.5524158477783203,),(0.2583742141723633,),(0.0277786236256361,),(0.0,)
12:01:08.907370:(132.67245483398438,),(0.0,),(0.0,),(0.0,),(0.5259037017822266,),(0.27620792388916016,),(0.0277786236256361,),(0.0,)
12:01:09.921310:(132.66738891601562,),(0.0,),(0.0,),(0.0,),(0.5259037017822266,),(0.27620792388916016,),(0.0277786236256361,),(0.0,)
12:01:10.931949:(132.65240478515625,),(0.0,),(0.0,),(0.0,),(0.5524158477783203,),(0.3088235855102539,),(0.0277786236256361,),(0.0,)
12:01:11.938108:(132.65135192871094,),(0.0,),(0.0,),(0.0,),(0.625300407409668,),(0.37822723388671875,),(0.0277786236256361,),(0.0,)
12:01:12.945209:(132.6712646484375,),(0.0,),(0.0,),(0.0,),(0.5609989166259766,),(0.40264129638671875,),(0.0277786236256361,),(0.0,)
12:01:13.949317:(132.70425415039062,),(0.0,),(0.0,),(0.0,),(0.5348920822143555,),(0.40264129638671875,),(0.0277786236256361,),(0.0,)
12:01:14.955601:(132.6940460205078,),(0.0,),(0.0,),(0.0,),(0.5859375,),(0.4143238067626953,),(0.0277786236256361,),(0.0,)
12:01:15.966470:(132.66558837890625,),(0.0,),(0.0,),(0.0,),(0.5167484283447266,),(0.29296875,),(0.0277786236256361,),(0.0,)
12:01:16.978921:(132.66558837890625,),(0.0,),(0.0,),(0.0,),(0.5859375,),(0.32389163970947266,),(0.0277786236256361,),(0.0,)
12:01:17.982217:(132.68252563476562,),(0.0,),(0.0,),(0.0,),(0.5437374114990234,),(0.32389163970947266,),(0.0277786236256361,),(0.0,)
12:01:18.985554:(132.6658477783203,),(0.0,),(0.0,),(0.0,),(0.5694389343261719,),(0.2583742141723633,),(0.0277786236256361,),(0.0,)
12:01:19.988933:(132.67213439941406,),(0.0,),(0.0,),(0.0,),(0.6019830703735352,),(0.32389163970947266,),(0.0277786236256361,),(0.0,)
12:01:20.997946:(132.67234802246094,),(0.0,),(0.0,),(0.0,),(0.48828125,),(0.3654003143310547,),(0.0277786236256361,),(0.0,)
12:01:22.001349:(132.67823791503906,),(0.0,),(0.0,),(0.0,),(0.5524158477783203,),(0.3654003143310547,),(0.0277786236256361,),(0.0,)
12:01:24.007817:(132.70326232910156,),(0.0,),(0.0,),(0.0,),(0.5437374114990234,),(0.390625,),(0.0277786236256361,),(0.0,)
12:01:25.011304:(132.6631317138672,),(0.0,),(0.0,),(0.0,),(0.6098747253417969,),(0.390625,),(0.0277786236256361,),(0.0,)
12:01:26.020973:(132.66685485839844,),(0.0,),(0.0,),(0.0,),(0.6019830703735352,),(0.3520965576171875,),(0.0277786236256361,),(0.0,)
12:01:27.026318:(132.6576690673828,),(0.0,),(0.0,),(0.0,),(0.5437374114990234,),(0.3088235855102539,),(0.0277786236256361,),(0.0,)
12:01:28.031011:(132.65403747558594,),(0.0,),(0.0,),(0.0,),(0.6403684616088867,),(0.40264129638671875,),(0.0277786236256361,),(0.0,)
12:01:29.036866:(132.67147827148438,),(0.0,),(0.0,),(0.0,),(0.6176233291625977,),(0.27620792388916016,),(0.0277786236256361,),(0.0,)
12:01:31.046245:(132.67404174804688,),(0.0,),(0.0,),(0.0,),(0.6019830703735352,),(0.2583742141723633,),(0.0277786236256361,),(0.0,)
12:01:32.051488:(132.6690216064453,),(0.0,),(0.0,),(0.0,),(0.5167484283447266,),(0.390625,),(0.0277786236256361,),(0.0,)
12:01:33.057548:(132.6712188720703,),(0.0,),(0.0,),(0.0,),(0.49796104431152344,),(0.3088235855102539,),(0.0277786236256361,),(0.0,)
12:01:34.062263:(132.6712646484375,),(0.0,),(0.0,),(0.0,),(0.594019889831543,),(0.29296875,),(0.0277786236256361,),(0.0,)
12:01:35.067447:(132.66390991210938,),(0.0,),(0.0,),(0.0,),(0.6098747253417969,),(0.3654003143310547,),(0.0277786236256361,),(0.0,)
12:01:36.077729:(132.67713928222656,),(0.0,),(0.0,),(0.0,),(0.5259037017822266,),(0.40264129638671875,),(0.0277786236256361,),(0.0,)
12:01:37.092831:(132.66885375976562,),(0.0,),(0.0,),(0.0,),(0.594019889831543,),(0.3088235855102539,),(0.0277786236256361,),(0.0,)
12:01:38.097011:(132.65357971191406,),(0.0,),(0.0,),(0.0,),(0.5074262619018555,),(0.390625,),(0.0277786236256361,),(0.0,)
12:01:39.100301:(132.6747283935547,),(0.0,),(0.0,),(0.0,),(0.594019889831543,),(0.390625,),(0.0277786236256361,),(0.0,)
12:01:40.105120:(132.67477416992188,),(0.0,),(0.0,),(0.0,),(0.5074262619018555,),(0.2583742141723633,),(0.0277786236256361,),(0.0,)
12:01:41.122842:(132.68150329589844,),(0.0,),(0.0,),(0.0,),(0.5777359008789062,),(0.3088235855102539,),(0.0277786236256361,),(0.0,)
12:01:42.131404:(132.67489624023438,),(0.0,),(0.0,),(0.0,),(0.5167484283447266,),(0.37822723388671875,),(0.0277786236256361,),(0.0,)
12:01:43.137376:(132.66717529296875,),(0.0,),(0.0,),(0.0,),(0.4367351531982422,),(0.33829212188720703,),(0.0277786236256361,),(0.0,)
12:01:44.149910:(132.66554260253906,),(0.0,),(0.0,),(0.0,),(0.5859375,),(0.390625,),(0.0277786236256361,),(0.0,)
12:01:45.155310:(132.65562438964844,),(0.0,),(0.0,),(0.0,),(0.594019889831543,),(0.33829212188720703,),(0.0277786236256361,),(0.0,)
12:01:46.169722:(132.65931701660156,),(0.0,),(0.0,),(0.0,),(0.5859375,),(0.2183675765991211,),(0.0277786236256361,),(0.0,)
12:01:47.175074:(132.6774444580078,),(0.0,),(0.0,),(0.0,),(0.5259037017822266,),(0.1953125,),(0.0277786236256361,),(0.0,)
12:01:48.180214:(132.6876678466797,),(0.0,),(0.0,),(0.0,),(0.6623268127441406,),(0.2583742141723633,),(0.0277786236256361,),(0.0,)
12:01:49.183705:(132.6647186279297,),(0.0,),(0.0,),(0.0,),(0.4580497741699219,),(0.27620792388916016,),(0.0277786236256361,),(0.0,)
12:01:51.193887:(132.6753387451172,),(0.0,),(0.0,),(0.0,),(0.6019830703735352,),(0.33829212188720703,),(0.0277786236256361,),(0.0,)
12:01:52.197392:(132.65957641601562,),(0.0,),(0.0,),(0.0,),(0.5259037017822266,),(0.2183675765991211,),(0.0277786236256361,),(0.0,)
12:01:53.204837:(132.66677856445312,),(0.0,),(0.0,),(0.0,),(0.5074262619018555,),(0.29296875,),(0.0277786236256361,),(0.0,)
-------------------------------
Starting Logging:12:05:07.610482
Data Format...
hour:min:sec.milli:bus_current,bus_voltage,vehicle_velocity,motor_velocity,phase_a_current,phase_b_current,dc_bus_amphours,odometer
-------------------------------
12:05:09.303652:0,0,00000000,00000000,C0F4FE3E,20D5A53E,0,0
12:05:10.307945:0,0,00000000,00000000,C0F4FE3E,20D5A53E,0,0
12:05:11.312125:0,0,00000000,00000000,C0F4FE3E,20D5A53E,0,0
12:05:12.316426:0,0,00000000,00000000,C0F4FE3E,20D5A53E,0,0
-------------------------------
Starting Logging:12:33:09.611835
Data Format...
hour:min:sec.milli:bus_current,bus_voltage,vehicle_velocity,motor_velocity,phase_a_current,phase_b_current,dc_bus_amphours,odometer
-------------------------------
-------------------------------
Starting Logging:12:33:47.135420
Data Format...
hour:min:sec.milli:bus_current,bus_voltage,vehicle_velocity,motor_velocity,phase_a_current,phase_b_current,dc_bus_amphours,odometer
-------------------------------
-------------------------------
Starting Logging:12:34:04.362704
Data Format...
hour:min:sec.milli:bus_current,bus_voltage,vehicle_velocity,motor_velocity,phase_a_current,phase_b_current,dc_bus_amphours,odometer
-------------------------------
-------------------------------
Starting Logging:12:35:07.320260
Data Format...
hour:min:sec.milli:bus_current,bus_voltage,vehicle_velocity,motor_velocity,phase_a_current,phase_b_current,dc_bus_amphours,odometer
-------------------------------
-------------------------------
Starting Logging:12:35:34.402964
Data Format...
hour:min:sec.milli:bus_current,bus_voltage,vehicle_velocity,motor_velocity,phase_a_current,phase_b_current,dc_bus_amphours,odometer
-------------------------------
-------------------------------
Starting Logging:12:36:02.375603
Data Format...
hour:min:sec.milli:bus_current,bus_voltage,vehicle_velocity,motor_velocity,phase_a_current,phase_b_current,dc_bus_amphours,odometer
-------------------------------
-------------------------------
Starting Logging:12:36:31.107976
Data Format...
hour:min:sec.milli:bus_current,bus_voltage,vehicle_velocity,motor_velocity,phase_a_current,phase_b_current,dc_bus_amphours,odometer
-------------------------------
-------------------------------
Starting Logging:12:36:48.882288
Data Format...
hour:min:sec.milli:bus_current,bus_voltage,vehicle_velocity,motor_velocity,phase_a_current,phase_b_current,dc_bus_amphours,odometer
-------------------------------
-------------------------------
Starting Logging:12:37:47.954086
Data Format...
hour:min:sec.milli:bus_current,bus_voltage,vehicle_velocity,motor_velocity,phase_a_current,phase_b_current,dc_bus_amphours,odometer
-------------------------------
-------------------------------
Starting Logging:12:38:38.453897
Data Format...
hour:min:sec.milli:bus_current,bus_voltage,vehicle_velocity,motor_velocity,phase_a_current,phase_b_current,dc_bus_amphours,odometer
-------------------------------
-------------------------------
Starting Logging:12:39:12.654502
Data Format...
hour:min:sec.milli:bus_current,bus_voltage,vehicle_velocity,motor_velocity,phase_a_current,phase_b_current,dc_bus_amphours,odometer
-------------------------------
-------------------------------
Starting Logging:12:39:36.003774
Data Format...
hour:min:sec.milli:bus_current,bus_voltage,vehicle_velocity,motor_velocity,phase_a_current,phase_b_current,dc_bus_amphours,odometer
-------------------------------
12:39:38.101816:D78C0443,00000000,00000000,00000000,B0EE083F,0000963E,0,0
12:39:39.105665:29900443,00000000,00000000,00000000,60320B3F,0027CE3E,0,0
12:39:40.109342:78940443,00000000,00000000,00000000,C0C6113F,20D5A53E,FF8FE33C,00000000
12:39:41.114071:92920443,00000000,00000000,00000000,B0EE083F,20D5A53E,FF8FE33C,00000000
-------------------------------
Starting Logging:13:05:20.013412
Data Format...
hour:min:sec.milli:bus_current,bus_voltage,vehicle_velocity,motor_velocity,phase_a_current,phase_b_current,dc_bus_amphours,odometer
-------------------------------
13:05:21.385797:497F0443,00000000,0,0,0,0,0,0
13:05:22.390006:497F0443,00000000,0,0,0,0,0,0
13:05:23.394428:497F0443,00000000,0,0,0,0,0,0
13:05:24.406385:497F0443,00000000,0,0,0,0,0,0
-------------------------------
Starting Logging:13:21:01.799414
Data Format...
hour:min:sec.milli:bus_current,bus_voltage,vehicle_velocity,motor_velocity,phase_a_current,phase_b_current,dc_bus_amphours,odometer
-------------------------------
13:21:04.152873:AB850443,00000000,00000000,00000000,40F2F43E,C09BDF3E,FF8FE33C,00000000
13:21:05.157228:A98A0443,00000000,00000000,00000000,A049043F,A034AD3E,FF8FE33C,00000000
13:21:06.161394:29880443,00000000,00000000,00000000,A049043F,0000963E,FF8FE33C,00000000
13:21:07.167416:C08B0443,00000000,00000000,00000000,B013203F,A034AD3E,FF8FE33C,00000000
13:21:08.171366:C2880443,00000000,00000000,00000000,B013203F,A049843E,FF8FE33C,00000000
13:21:10.178771:DB7D0443,00000000,00000000,00000000,206B0D3F,201E9E3E,FF8FE33C,00000000
13:21:11.183421:41830443,00000000,00000000,00000000,B0E6013F,0000963E,FF8FE33C,00000000
13:21:12.188004:0E860443,00000000,00000000,00000000,A09D0F3F,0000C83E,FF8FE33C,00000000
-------------------------------
Starting Logging:13:23:02.649454
Data Format...
hour:min:sec.milli:bus_current,bus_voltage,vehicle_velocity,motor_velocity,phase_a_current,phase_b_current,dc_bus_amphours,odometer
-------------------------------
13:23:05.075969:06840443,00000000,00000000,00000000,C0201C3F,0046B43E,FF8FE33C,00000000
13:23:06.080560:87870443,00000000,00000000,00000000,B011183F,206B8D3E,FF8FE33C,00000000
13:23:07.085176:34830443,00000000,00000000,00000000,0000163F,0000C83D,FF8FE33C,00000000
13:23:08.089507:42830443,00000000,00000000,00000000,80E6133F,C015BB3E,FF8FE33C,00000000
13:23:09.105912:EA7C0443,00000000,00000000,00000000,B011183F,201E9E3E,FF8FE33C,00000000
13:23:10.110810:2D810443,00000000,00000000,00000000,206B0D3F,0000963E,FF8FE33C,00000000
13:23:11.116037:338A0443,00000000,00000000,00000000,206B0D3F,0027CE3E,FF8FE33C,00000000
13:23:12.120252:C9870443,00000000,00000000,00000000,40F2F43E,20D5A53E,FF8FE33C,00000000
13:23:13.125090:7A850443,00000000,00000000,00000000,C0201C3F,0000963E,FF8FE33C,00000000
13:23:14.134061:A1850443,00000000,00000000,00000000,9004223F,0000963E,FF8FE33C,00000000
13:23:15.138217:ED820443,00000000,00000000,00000000,A049043F,0000963E,FF8FE33C,00000000
13:23:16.142642:00800443,00000000,00000000,00000000,A0A1063F,A034AD3E,FF8FE33C,00000000
13:23:17.147362:5F7B0443,00000000,00000000,00000000,B013203F,0027CE3E,FF8FE33C,00000000
13:23:18.151324:B8810443,00000000,00000000,00000000,B0E6013F,C015BB3E,FF8FE33C,00000000
13:23:19.161214:B5800443,00000000,00000000,00000000,D0B4273F,0046B43E,FF8FE33C,00000000
13:23:20.165489:27840443,00000000,00000000,00000000,901B1A3F,0046B43E,FF8FE33C,00000000
13:23:21.169786:8F820443,00000000,00000000,00000000,901B1A3F,C015BB3E,FF8FE33C,00000000
13:23:22.178695:F97D0443,00000000,00000000,00000000,8085EA3E,C015BB3E,FF8FE33C,00000000
13:23:23.183569:287F0443,00000000,00000000,00000000,C0201C3F,0046B43E,FF8FE33C,00000000
13:23:24.197125:F0800443,00000000,00000000,00000000,901B1A3F,00A7C13E,FF8FE33C,00000000
13:23:25.201368:39820443,00000000,00000000,00000000,0000163F,201E9E3E,FF8FE33C,00000000
13:23:26.207153:03850443,00000000,00000000,00000000,B0E6013F,0000C83E,FF8FE33C,00000000
13:23:27.213770:D3820443,00000000,00000000,00000000,0000163F,20D5A53E,FF8FE33C,00000000
13:23:28.219613:CF870443,00000000,00000000,00000000,A0A1063F,C09B5F3E,FF8FE33C,00000000
13:23:29.232827:617F0443,00000000,00000000,00000000,0000FA3E,206B8D3E,FF8FE33C,00000000
13:23:30.237094:60780443,00000000,00000000,00000000,80E6133F,20D5A53E,FF8FE33C,00000000
13:23:31.247592:AD790443,00000000,00000000,00000000,0000163F,20D5A53E,FF8FE33C,00000000
13:23:32.251385:017F0443,00000000,00000000,00000000,A0A1063F,201E9E3E,FF8FE33C,00000000
-------------------------------
Starting Logging:13:24:11.260077
Data Format...
hour:min:sec.milli:bus_current,bus_voltage,vehicle_velocity,motor_velocity,phase_a_current,phase_b_current,dc_bus_amphours,odometer
-------------------------------
13:24:12.699796:E1840443,00000000,0,0,0000163F,201E9E3E,FF8FE33C,00000000
13:24:13.704166:E1840443,00000000,0,0,0000163F,201E9E3E,FF8FE33C,00000000
-------------------------------
Starting Logging:13:27:03.343562
Data Format...
hour:min:sec.milli:bus_current,bus_voltage,vehicle_velocity,motor_velocity,phase_a_current,phase_b_current,dc_bus_amphours,odometer
-------------------------------
13:27:04.774659:0,0,00000000,00000000,A09D0F3F,201E9E3E,0,0
13:27:05.778415:0,0,00000000,00000000,A09D0F3F,201E9E3E,0,0
13:27:06.782072:0,0,00000000,00000000,A09D0F3F,201E9E3E,0,0
13:27:07.785751:0,0,00000000,00000000,A09D0F3F,201E9E3E,0,0
13:27:08.789307:0,0,00000000,00000000,A09D0F3F,201E9E3E,0,0
13:27:09.793235:0,0,00000000,00000000,A09D0F3F,201E9E3E,0,0
13:27:10.801378:0,0,00000000,00000000,A09D0F3F,201E9E3E,0,0
13:27:11.804964:0,0,00000000,00000000,A09D0F3F,201E9E3E,0,0
13:27:12.808931:0,0,00000000,00000000,A09D0F3F,201E9E3E,0,0
13:27:13.812654:0,0,00000000,00000000,A09D0F3F,201E9E3E,0,0
13:27:14.816270:0,0,00000000,00000000,A09D0F3F,201E9E3E,0,0
13:27:15.823276:0,0,00000000,00000000,A09D0F3F,201E9E3E,0,0
13:27:16.829073:0,0,00000000,00000000,A09D0F3F,201E9E3E,0,0
13:27:17.834352:0,0,00000000,00000000,A09D0F3F,201E9E3E,0,0
13:27:18.838592:0,0,00000000,00000000,A09D0F3F,201E9E3E,0,0
13:27:19.843228:0,0,00000000,00000000,A09D0F3F,201E9E3E,0,0
13:27:20.855200:0,0,00000000,00000000,A09D0F3F,201E9E3E,0,0
-------------------------------
Starting Logging:13:31:12.311953
Data Format...
hour:min:sec.milli:bus_current,bus_voltage,vehicle_velocity,motor_velocity,phase_a_current,phase_b_current,dc_bus_amphours,odometer
-------------------------------
-------------------------------
Starting Logging:13:32:10.195460
Data Format...
hour:min:sec.milli:bus_current,bus_voltage,vehicle_velocity,motor_velocity,phase_a_current,phase_b_current,dc_bus_amphours,odometer
-------------------------------
13:32:12.534209:C84CF742,00000000,00000000,00000000,B011183F,0000C83E,FF8FE33C,00000000
13:32:13.563082:3239F742,00000000,00000000,00000000,A0A1063F,0046B43E,FF8FE33C,00000000
13:32:14.568582:2B30F742,00000000,00000000,00000000,80E6133F,0000963E,FF8FE33C,00000000
13:32:15.573168:6A2AF742,00000000,00000000,00000000,A0A1063F,20D5A53E,FF8FE33C,00000000
13:32:16.577598:E718F742,00000000,00000000,00000000,A049043F,0000963E,FF8FE33C,00000000
13:32:17.582618:DE18F742,00000000,00000000,00000000,B0EE083F,0000963E,FF8FE33C,00000000
13:32:18.587307:DB18F742,00000000,00000000,00000000,B011183F,0046B43E,FF8FE33C,00000000
13:32:19.592450:910AF742,00000000,00000000,00000000,B0EE083F,0027CE3E,FF8FE33C,00000000
-------------------------------
Starting Logging:13:34:37.110698
Data Format...
hour:min:sec.milli:bus_current,bus_voltage,vehicle_velocity,motor_velocity,phase_a_current,phase_b_current,dc_bus_amphours,odometer
-------------------------------
-------------------------------
Starting Logging:13:35:17.395278
Data Format...
hour:min:sec.milli:bus_current,bus_voltage,vehicle_velocity,motor_velocity,phase_a_current,phase_b_current,dc_bus_amphours,odometer
-------------------------------
13:35:18.748933:0,0,00000000,00000000,0000FA3E,C0F1D93E,0,0
13:35:19.753528:0,0,00000000,00000000,0000FA3E,C0F1D93E,0,0
13:35:20.757907:0,0,00000000,00000000,0000FA3E,C0F1D93E,0,0
13:35:21.767528:0,0,00000000,00000000,0000FA3E,C0F1D93E,0,0
13:35:22.770969:0,0,00000000,00000000,0000FA3E,C0F1D93E,0,0
13:35:23.774735:0,0,00000000,00000000,0000FA3E,C0F1D93E,0,0
13:35:24.777781:0,0,00000000,00000000,0000FA3E,C0F1D93E,0,0
13:35:25.781263:0,0,00000000,00000000,0000FA3E,C0F1D93E,0,0
13:35:27.789195:0,0,00000000,00000000,0000FA3E,C0F1D93E,0,0
13:35:43.832426:0,0,00000000,00000000,0000FA3E,C0F1D93E,0,0
-------------------------------
Starting Logging:13:36:29.183990
Data Format...
hour:min:sec.milli:bus_current,bus_voltage,vehicle_velocity,motor_velocity,phase_a_current,phase_b_current,dc_bus_amphours,odometer
-------------------------------
13:36:30.574794:0,0,0,0,A09D0F3F,201E9E3E,0,0
13:36:31.590015:6DD4ED42,00000000,00000000,00000000,A049043F,0046B43E,0,0
13:36:32.595090:87CCED42,00000000,00000000,00000000,B013203F,A034AD3E,0,0
13:36:33.599558:44C6ED42,00000000,00000000,00000000,0000163F,206B8D3E,FF8FE33C,00000000
13:36:34.603948:20C1ED42,00000000,00000000,00000000,A049043F,0027CE3E,FF8FE33C,00000000
13:36:35.609281:8CB5ED42,00000000,00000000,00000000,B011183F,40F2743E,FF8FE33C,00000000
13:36:36.617604:D6B0ED42,00000000,00000000,00000000,A09D0F3F,0027CE3E,FF8FE33C,00000000
13:36:37.621744:3BA3ED42,00000000,00000000,00000000,80E6133F,00A7C13E,FF8FE33C,00000000
13:36:38.629965:4F98ED42,00000000,00000000,00000000,B0EE083F,0000963E,FF8FE33C,00000000
13:36:39.634244:FD91ED42,00000000,00000000,00000000,A0A1063F,0000483E,FF8FE33C,00000000
13:36:40.638400:A37CED42,00000000,00000000,00000000,A049043F,0046B43E,FF8FE33C,00000000
13:36:41.642019:6E70ED42,00000000,00000000,00000000,B011183F,4022D43E,FF8FE33C,00000000
13:36:42.645678:8579ED42,00000000,00000000,00000000,206B0D3F,201E9E3E,FF8FE33C,00000000
13:36:43.659042:3D75ED42,00000000,00000000,00000000,B0EE083F,201E9E3E,FF8FE33C,00000000
13:36:44.661722:F266ED42,00000000,00000000,00000000,80E6133F,20D5A53E,FF8FE33C,00000000
13:36:45.666128:F756ED42,00000000,00000000,00000000,C0F4FE3E,0027CE3E,FF8FE33C,00000000
13:36:46.671004:8C56ED42,00000000,00000000,00000000,B011183F,A049843E,FF8FE33C,00000000
13:36:47.674942:A551ED42,00000000,00000000,00000000,80E6133F,A034AD3E,FF8FE33C,00000000
13:36:48.683268:B839ED42,00000000,00000000,00000000,B0EE083F,20D5A53E,FF8FE33C,00000000
13:36:49.686779:D24BED42,00000000,00000000,00000000,80E6133F,0000963E,FF8FE33C,00000000
13:36:50.689603:F930ED42,00000000,00000000,00000000,C0F4FE3E,201E9E3E,FF8FE33C,00000000
13:36:51.693425:9A26ED42,00000000,00000000,00000000,A0A1063F,C09B5F3E,FF8FE33C,00000000
13:36:52.697628:E22DED42,00000000,00000000,00000000,A09D0F3F,201E9E3E,FF8FE33C,00000000
13:36:53.707173:1B1EED42,00000000,00000000,00000000,A09D0F3F,A034AD3E,FF8FE33C,00000000
13:36:54.712490:6616ED42,00000000,00000000,00000000,B0E6013F,A034AD3E,FF8FE33C,00000000
13:36:55.717573:D10CED42,00000000,00000000,00000000,60320B3F,0027CE3E,FF8FE33C,00000000
13:36:56.722636:50F3EC42,00000000,00000000,00000000,B013203F,20D5A53E,FF8FE33C,00000000
